0,1,2,3,4,5
0.1531406948720491,0.17443602700688318,0.1647228998810993,0.17368376856367532,0.15942743419776662,0.17458917547852698
0.15349307557079367,0.1742230590642706,0.16478187409767986,0.17349423613964288,0.15962646671419184,0.17438128841341932
0.153846046940197,0.1740103386330985,0.1648404819974789,0.1733047584834096,0.1598252633755484,0.17417311057026535
0.15419960962056273,0.17379786494689825,0.16489872294019556,0.17311533610830407,0.16002382252466169,0.1739646438593783
0.15455376425656603,0.17358563724329254,0.1649565962842812,0.17292596952350658,0.16022214250260583,0.17375589018974708
0.15490851149728765,0.17337365476397565,0.1650141013869252,0.17273665923408693,0.16042022164870678,0.17354685146901838
0.1552638519962505,0.17316191675469342,0.16507123760402775,0.172547405741034,0.16061805830053127,0.17333752960346305
0.15561978641145224,0.1729504224652216,0.16512800429018973,0.17235820954129843,0.16081565079388427,0.17312792649795383
0.15597631540539897,0.17273917114934723,0.16518440079868918,0.1721690711278242,0.16101299746279996,0.17291804405593947
0.15633343964514687,0.1725281620648485,0.16524042648146364,0.17197999098958558,0.16121009663953836,0.17270788417941887
0.15669115980232895,0.17231739447346905,0.16529608068909288,0.1717909696116193,0.16140694665457486,0.17249744876891418
0.15704947655319657,0.17210686764090555,0.1653513627707819,0.17160200747506518,0.1616035458366023,0.17228673972345082
0.15740839057865205,0.17189658083677392,0.16540627207433772,0.17141310505719556,0.16179989251251203,0.17207575894052954
0.15776790256428616,0.17168653333459694,0.16546080794615836,0.1712242628314555,0.16199598500739956,0.17186450831610367
0.15812801320041212,0.17147672441177883,0.16551496973121088,0.1710354812674939,0.16219182164454776,0.171652989744556
0.15848872318210258,0.17126715334958087,0.16556875677301375,0.1708467608312007,0.16238740074542854,0.17144120511867453
0.15885003320922417,0.171057819433101,0.16562216841361946,0.17065810198473863,0.16258272062968732,0.171229156329629
0.15921194398647587,0.1708487219512485,0.16567520399359825,0.1704695051865818,0.16277777961514298,0.17101684526695263
0.15957445622342367,0.17063986019671953,0.16572786285201882,0.17028097089154806,0.1629725760177773,0.17080427381851504
0.15993757063453629,0.17043123346597752,0.16578014432643384,0.17009249955082936,0.1631671081517251,0.17059144387049827
0.16030128793922271,0.1702228410592261,0.16583204775285879,0.16990409161203643,0.16336137432927259,0.1703783573073847
0.16066560886186979,0.17001468228038263,0.16588357246575794,0.16971574751922078,0.1635553728608433,0.1701650160119257
0.16103053413187662,0.16980675643705687,0.16593471779802724,0.16952746771291777,0.16374910205499543,0.16995142186512757
0.16139606448369145,0.16959906284052426,0.16598548308097447,0.169339252630174,0.1639425602184092,0.16973757674622447
0.16176220065685265,0.16939160080570126,0.1660358676443093,0.16915110270458797,0.16413574565588485,0.1695234825326663
0.16212894339601733,0.16918436965111744,0.16608587081611684,0.1689630183663337,0.1643286566703252,0.16930914110008843
0.1624962934510086,0.16897736869889407,0.16613549192285093,0.16877500004220763,0.16452129156273793,0.1690945543223039
0.1628642515768453,0.16877059727471214,0.16618473028931138,0.16858704815564593,0.16471364863221538,0.16887972407127197
0.1632328185337825,0.1685640547077894,0.1662335852386312,0.16839916312677075,0.16490572617593957,0.16866465221708807
0.1636019950873482,0.16835774033085402,0.1662820560922585,0.1682113453724182,0.16509752248915902,0.16844934062795863
0.1639717820083831,0.16815165348011613,0.16633014216994405,0.1680235953061705,0.1652890358651925,0.16823379117019105
0.16434218007307405,0.1679457934952397,0.16637784278972012,0.16783591333838951,0.16548026459541,0.1680180057081642
0.1647131900629955,0.16774015971931638,0.16642515726788928,0.16764829987624932,0.1656712069692304,0.16780198610431962
0.16508481276514436,0.16753475149883643,0.16647208491900709,0.1674607553237674,0.16586186127410626,0.16758573421913722
0.16545704897198163,0.1673295681836625,0.1665186250558695,0.1672732800818384,0.16605222579552306,0.16736925191112648
0.1658298994814685,0.1671246091269982,0.16656477698949165,0.16708587454826546,0.16624229881697777,0.16715254103679883
0.16620336509710396,0.16691987368536196,0.1666105400291002,0.16689853911779268,0.16643207861997936,0.16693560345066233
0.16657744662796517,0.1667153612185573,0.16665591348211412,0.1667112741821358,0.16662156348403473,0.16671844100519226
0.1669521448887443,0.1665110710896429,0.16670089665413154,0.16652408013001432,0.166810751686638,0.16650105555082909
0.16732746069978724,0.16630700266490364,0.166745488848914,0.16633695734718254,0.16699964150326244,0.1662834489359507
0.16770339488713296,0.16610315531382183,0.16678968936837257,0.16614990621645823,0.16718823120734863,0.16606562300686373
0.1680799482825527,0.16589952840904565,0.16683349751255663,0.16596292711776262,0.16737651907029766,0.16584757960778687
0.16845712172358762,0.16569612132635747,0.16687691257963452,0.16577602042813686,0.16756450336145257,0.16562932058083177
0.16883491605358705,0.16549293344464894,0.1669199338658827,0.1655891865217857,0.16775218234809658,0.16541084776599588
0.16921333212175452,0.16528996414588554,0.16696256066567566,0.16540242577010258,0.16793955429543972,0.16519216300114417
0.1695923707831732,0.16508721281507402,0.16700479227146386,0.16521573854169577,0.1681266174666027,0.16497326812198898
0.16997203289885865,0.16488467884023866,0.16704662797376837,0.16502912520242752,0.16831337012261557,0.16475416496208967
0.17035231933579337,0.1646823616123805,0.16708806706116314,0.1648425861154369,0.1684998105223975,0.16453485535282464
0.17073323096696477,0.16448026052545553,0.16712910882026588,0.16465612164117113,0.16868593692275186,0.16431534112339005
0.1711147686714048,0.1642783749763317,0.1671697525357212,0.1644697321374151,0.16887174757835122,0.16409562410077713
0.17149693333423247,0.16407670436476385,0.1672099974901903,0.16428341795932178,0.16905724074172646,0.16387570610976487
0.1718797258466913,0.16387524809336437,0.16724984296433895,0.16409717945944208,0.16924241466325823,0.16365558897290683
0.17226314710619067,0.16367400556756156,0.16728928823682315,0.16391101698774976,0.1694272675911596,0.1634352745105184
0.17264719801634465,0.1634729761955714,0.16732833258427987,0.16372493089167228,0.16961179777147087,0.1632147645406618
0.17303187948701249,0.16327215938836837,0.1673669752813136,0.1635389215161209,0.16979600344804205,0.16299406087914176
0.17341719243433978,0.16307155455964414,0.16740521560048827,0.1633529892035172,0.16997988286252516,0.16277316533948472
0.17380313778079665,0.16287116112578187,0.16744305281230648,0.16316713429382146,0.17016343425435745,0.16255207973293634
0.17418971645521872,0.16267097850581544,0.16748048618520955,0.16298135712455872,0.1703466558607541,0.16233080586844317
0.17457692939285055,0.16247100612140028,0.1675175149855591,0.16279565803085086,0.17052954591669056,0.16210934555264686
0.1749647775353817,0.16227124339677906,0.16755413847763237,0.16261003734543938,0.1707121026548955,0.16188770058987295
0.17535326183098837,0.162071689758745,0.167590355923602,0.16242449539871406,0.17089432430583312,0.16166587278211636
0.17574238323437721,0.1618723446366077,0.16762616658353716,0.16223903251874078,0.1710762090976951,0.1614438639290394
0.17613214270682456,0.16167320746216032,0.16766156971538596,0.1620536490312898,0.17125775525638445,0.1612216758279537
0.17652254121621203,0.16147427766964406,0.16769656457496696,0.16186834525985738,0.1714389610055033,0.16099931027381742
0.17691357973707614,0.16127555469571014,0.1677311504159592,0.1616831215256954,0.17161982456633876,0.16077676905922003
0.1773052592506437,0.16107703797938797,0.16776532648989648,0.16149797814783828,0.17180034415785267,0.16055405397437855
0.17769758074487374,0.16087872696204977,0.16779909204615287,0.16131291544312867,0.1719805179966676,0.16033116680712797
0.17809054521450082,0.16068062108737066,0.1678324463319361,0.161127933726239,0.17216034429704902,0.16010810934290692
0.1784841536610716,0.16048271980129625,0.16786538859227826,0.16094303330969933,0.1723398212708969,0.1598848833647577
0.17887840709299024,0.16028502255200702,0.16789791807002794,0.1607582145039279,0.1725189471277317,0.15966149065331384
0.1792733065255603,0.16008752878987922,0.1679300340058411,0.1605734776172485,0.17269772007467643,0.15943793298679215
0.17966885298102198,0.15989023796745136,0.16796173563817487,0.16038882295591714,0.172876138316449,0.15921421214098727
0.18006504748859567,0.15969314953938354,0.16799302220327364,0.16020425082414688,0.17305420005534103,0.15899032988926054
0.18046189108452357,0.15949626296242456,0.16802389293516884,0.16001976152413566,0.17323190349120937,0.15876628800253573
0.18085938481211256,0.159299577695375,0.16805434706566968,0.1598353553560864,0.17340924682146192,0.15854208824929622
0.18125752972177117,0.15910309319904595,0.16808438382434968,0.15965103261822866,0.1735862282410377,0.15831773239556646
0.1816563268710585,0.15890680893622475,0.16811400243854938,0.15946679360684754,0.1737628459423992,0.15809322220492034
0.18205577732471762,0.15871072437163777,0.1681432021333626,0.15928263861630448,0.17393909811551558,0.15786855943846134
0.18245588215472314,0.15851483897191157,0.16817198213163292,0.1590985679390614,0.17411498294784467,0.15764374585482688
0.18285664244032082,0.15831915220553391,0.16820034165394515,0.15891458186569998,0.17429049862432278,0.15741878321017683
0.18325805926806985,0.15812366354282031,0.1682282799186223,0.15873068068494903,0.1744656433273492,0.15719367325819036
0.18366013373188222,0.15792837245586677,0.1682557961417195,0.1585468646837028,0.1746404152367681,0.15696841775005693
0.18406286693307092,0.15773327841852589,0.16828288953701626,0.15836313414704797,0.17481481252985825,0.15674301843447896
0.18446625998038224,0.15753838090635255,0.16830955931601177,0.15817948935828016,0.17498883338131538,0.1565174770576587
0.1848703139900457,0.15734367939657587,0.16833580468792209,0.15799593059892633,0.1751624759632346,0.15629179536329496
0.18527503008581367,0.1571491733680556,0.1683616248596732,0.15781245814877232,0.17533573844509934,0.15606597509258527
0.18568040939900132,0.15695486230124733,0.1683870190358984,0.1576290722858754,0.17550861899376627,0.15584001798421354
0.18608645306852725,0.15676074567815756,0.16841198641893237,0.15744577328659004,0.17568111577344425,0.1556139257743497
0.1864931622409643,0.1565668229823096,0.16843652620880772,0.1572625614255882,0.17585322694568523,0.15538770019664466
0.18690053807057136,0.1563730936987035,0.16846063760325292,0.1570794369758789,0.17602495066936577,0.15516134298222908
0.18730858171933487,0.15617955731377306,0.16848431979768647,0.15689640020882759,0.17619628510067004,0.15493485585970623
0.18771729435702414,0.15598621331535129,0.16850757198521704,0.15671345139417892,0.17636722839307684,0.15470824055515123
0.18812667716121653,0.1557930611926258,0.16853039335663625,0.15653059080007287,0.17653777869734125,0.15448149879210837
0.18853673131734902,0.15560010043610217,0.1685527831004194,0.15634781869306585,0.17670793416147956,0.15425463229158426
0.18894745801875956,0.15540733053756334,0.1685747404027231,0.1561651353381496,0.17687769293075528,0.1540276427720499
0.18935885846672335,0.1552147509900289,0.16859626444738138,0.15598254099877115,0.1770470531476588,0.15380053194943685
0.18977093387050292,0.15502236128771532,0.16861735441590622,0.1558000359368488,0.17721601295189382,0.15357330153713203
0.19018368544738407,0.15483016092599514,0.16863800948748467,0.15561762041279267,0.17738457048036416,0.1533459532459804
0.19059711442271607,0.15463814940135767,0.16865822883897721,0.1554352946855233,0.17755272386714827,0.1531184887842794
0.19101122202996138,0.15444632621136622,0.16867801164491933,0.15525305901248626,0.17772047124349158,0.15289090985777606
