0,1,2,3,4,5
0.17753779632324818,0.15232620157945914,0.13195560322152422,0.1477951361631626,0.160614239740801,0.22977102297180543
0.17741058179823405,0.15260154604630963,0.1325236024393871,0.1481313527618976,0.1607548663551215,0.2285780505990504
0.17728115630222543,0.1528759212113247,0.13309261507043432,0.14846717210340765,0.16089419355208712,0.2273889417605196
0.17714952769678227,0.15314932232783285,0.13366263493949562,0.1488025899039242,0.1610322210173057,0.22620370411465748
0.17701570393071986,0.15342174469173747,0.13423365584690813,0.14913760191233896,0.16116894849151622,0.2250223451267771
0.17687969303923518,0.15369318364164566,0.13480567156885156,0.14947220391036986,0.16130437577036238,0.22384487206953343
0.1767415031430282,0.1539636345589895,0.13537867585769195,0.14980639171271162,0.16143850270416288,0.222671292023417
0.17660114244741815,0.15423309286814105,0.13595266244231746,0.15014016116719048,0.16157132919767253,0.22150161187725853
0.17645861924146092,0.154501554036528,0.13652762502848384,0.15047350815491922,0.16170285520984987,0.22033583832875922
0.17631394189704955,0.1547690135747392,0.13710355729915022,0.15080642859043467,0.16183308075360395,0.21917397788502044
0.1761671188680289,0.15503546703663265,0.13768045291482658,0.15113891842184496,0.1619620058955538,0.21801603686311136
0.1760181586892868,0.1553009100194331,0.13825830551390889,0.1514709736309677,0.1620896307557732,0.21686202139063107
0.1758670699758563,0.1555653381638288,0.13883710871302649,0.15180259023345619,0.16221595550753282,0.21571193740630104
0.17571386142200568,0.1558287471540659,0.13941685610738264,0.15213376427894224,0.16234098037704212,0.2145657906605628
0.17555854180033156,0.1560911327180353,0.13999754127109734,0.15246449185115155,0.1624647056431838,0.21342358671619838
0.1754011199608433,0.15635249062735934,0.14057915775755211,0.15279476906803283,0.16258713163724603,0.21228533094896693
0.17524160483004217,0.1566128166974659,0.14116169909973109,0.15312459208187215,0.16270825874264794,0.21115102854823845
0.17508000541000943,0.15687210678767324,0.14174515881056635,0.15345395707941323,0.16282808739466795,0.21002068451767053
0.17491633077747207,0.15713035680125442,0.14232953038328108,0.15378286028196278,0.16294661808015876,0.2088943036758702
0.1747505900828903,0.15738756268551313,0.14291480729173364,0.1541112979455012,0.16306385133726756,0.20777189065709495
0.17458279254951442,0.15764372043184238,0.14350098299076286,0.15443926636078584,0.1631797877551478,0.20665344991194648
0.17441294747246597,0.15789882607578787,0.14408805091652907,0.15476676185345184,0.1632944279736684,0.2055389857080971
0.17424106421779642,0.15815287569710554,0.14467600448686158,0.1550937807841045,0.16340777268311754,0.20442850213101288
0.17406715222155456,0.15840586541981153,0.14526483710160268,0.15542031954841756,0.16351982262391027,0.20332200308470366
0.17389122098884663,0.15865779141223396,0.14585454214294918,0.15574637457721632,0.16363057858628052,0.20221949229247485
0.17371328009289752,0.15890864988705594,0.1464451129758003,0.1560719423365646,0.16374004140998233,0.20112097329770162
0.1735333391741079,0.1591584371013605,0.1470365429480972,0.156397019327848,0.16384821198398053,0.2000264494646079
0.17335140793911138,0.15940714935666314,0.14762882539117358,0.15672160208784827,0.1639550912461375,0.19893592397906631
0.1731674961598292,0.1596547829989511,0.14822195362009252,0.15704568718882062,0.16406068018290412,0.1978493998494021
0.1729816136725236,0.15990133441871088,0.14881592093399645,0.15736927123856007,0.16416497982899794,0.19676687990721156
0.17279377037684696,0.16014680005095167,0.14941072061644534,0.15769235088047073,0.16426799126708536,0.1956883668081977
0.1726039762348976,0.16039117637523775,0.1500063459357655,0.1580149227936281,0.16436971562746058,0.1946138630330102
0.17241224127026444,0.16063445991569564,0.15060279014538688,0.15833698369283958,0.16447015408771393,0.1935433708881001
0.17221857556707737,0.1608766472410368,0.1512000464841909,0.158658530328697,0.16456930787240925,0.1924768925065866
0.17202298926905854,0.16111773496457163,0.15179810817685185,0.1589795594876349,0.1646671782527508,0.19141442984913448
0.1718254925785614,0.1613577197442094,0.15239696843417605,0.15930006799196986,0.16476376654624444,0.19035598470483764
0.17162609575562635,0.1615965982824713,0.15299662045344956,0.15962005269995722,0.16485907411637044,0.18930155869212503
0.17142480911702165,0.1618343673264875,0.15359705741877364,0.15993951050582222,0.1649531023722326,0.18825115325966077
0.17122164303528847,0.16207102366799792,0.15419827250141013,0.16025843833980447,0.16504585276822872,0.18720476968727073
0.17101660793779036,0.16230656414334163,0.15480025886012014,0.16057683316819035,0.16513732680369292,0.1861624090868646
0.17080971430575587,0.16254098563345307,0.15540300964150622,0.16089469199334425,0.1652275260225608,0.18512407240338044
0.17060097267332466,0.16277428506384567,0.15600651798034917,0.16121201185373774,0.1653164520130135,0.18408976041573083
0.1703903936265923,0.16300645940459824,0.15661077699994969,0.16152878982397134,0.16540410640712763,0.183059473737759
0.1701779878026606,0.1632375056703368,0.15721577981246898,0.16184502301479814,0.16549049088052442,0.18203321281921014
0.16996376588867818,0.16346742092020747,0.157821519519262,0.16216070857313838,0.16557560715201053,0.18101097794670315
0.16974773862089035,0.16369620225785506,0.15842798921121812,0.16247584368209794,0.1656594569832215,0.17999276924471821
0.16952991678368648,0.16392384683139077,0.1590351819690972,0.16279042556097456,0.16574204217826366,0.17897858667658742
0.16931031120864892,0.16415035183336193,0.1596430908638697,0.16310445146526745,0.16582336458334965,0.17796843004549934
0.16908893277360237,0.16437571450071808,0.16025170895704793,0.1634179186866837,0.16590342608643888,0.17696229899551194
0.16886579240165767,0.164599932114764,0.1608610293010197,0.16373082455313337,0.16598222861686454,0.17596019301255877
0.16864090106027685,0.16482300200112818,0.16147104493939057,0.16404316642873468,0.16605977414497564,0.17496211142549162
0.16841426976031193,0.1650449215297121,0.1620817489073115,0.16435494171380324,0.1661360646817626,0.17396805340709848
0.16818590955506418,0.165265688114642,0.16269313423181128,0.16466614784484399,0.1662111022784847,0.17297801797515394
0.16795583153934013,0.16548529921421903,0.16330519393213253,0.16497678229454157,0.16628488902630473,0.17199200399346357
0.16772404684850722,0.16570375233086232,0.16391792102006025,0.16528684257174328,0.16635742705590828,0.17101001017291845
0.1674905666575534,0.16592104501105884,0.16453130850025555,0.16559632622144294,0.16642871853713195,0.1700320350725588
0.16725540218014184,0.1661371748452926,0.16514534937058073,0.1659052308247564,0.1664987656785866,0.1690580771006411
0.1670185646676827,0.16635213946799027,0.1657600366224356,0.16621355399890075,0.16656757072727865,0.16808813451571153
0.16678006540838686,0.16656593655745033,0.16637536324107652,0.16652129339716495,0.16663513596822935,0.16712220542769143
0.1665399157263392,0.16677856383577527,0.16699132220595087,0.16682844670887997,0.1667014637240983,0.16616028779895772
0.1662981269805605,0.16699001906879996,0.1676079064910212,0.1671350116593858,0.16676655635479473,0.16520237944543917
0.166054710564084,0.1672003000660158,0.16822510906509075,0.16744098600999402,0.16683041625710107,0.16424847803771683
0.16580967790302167,0.16740940468049673,0.16884292289212552,0.1677463675579469,0.16689304586428627,0.16329858110212256
0.165563040455646,0.1676173308088138,0.16946134093158455,0.16805115413638308,0.16695444764572076,0.16235268602185288
0.16531480971146195,0.16782407639095476,0.17008035613873437,0.16835534361428167,0.1670146241064888,0.16141079003807982
0.16506499719028922,0.16802963941023985,0.17069996146497518,0.16865893389642045,0.16707357778700474,0.1604728902510702
0.16481361444134565,0.16823401789323017,0.17132014985816327,0.16896192292332596,0.1671313112626218,0.15953898362131283
0.16456067304233224,0.16843720990963962,0.1719409142629252,0.16926430867121484,0.16718782714324706,0.15860906697063926
0.1643061845985225,0.16863921357223868,0.17256224762098224,0.16956608915194232,0.167243128072948,0.15768313698336317
0.164050160741853,0.16884002703676224,0.1731841428714638,0.16986726241294084,0.16729721672956746,0.15676119020741328
0.16379261313001794,0.1690396485018024,0.1738065929512235,0.17016782653715565,0.16735009582432275,0.15584322305547327
0.16353355344557038,0.16923807620872133,0.17442959079516027,0.1704677796429877,0.16740176810143007,0.1549292318061295
0.16327299339501664,0.1694353084415312,0.17505312933652475,0.17076711988421658,0.167452236337698,0.154019212605012
0.16301094470792682,0.16963134352680087,0.17567720150723842,0.17106584544993764,0.16750150334214123,0.1531131614659535
0.16274741913604038,0.16982617983353987,0.17630180023820355,0.17136395456448733,0.1675495719555911,0.15221107427213693
0.16248242845237604,0.17001981577309108,0.17692691845961378,0.17166144548736692,0.167596445050294,0.15131294677725632
0.16221598445035013,0.17021224979901717,0.17755254910126456,0.17195831651316637,0.16764212552952704,0.1504187746066779
0.16194809894288925,0.1704034804069796,0.1781786850928584,0.1722545659714811,0.1676866163271921,0.14952855325859707
0.1616787837615611,0.1705935061346314,0.17880531936432098,0.17255019222683526,0.1677299204074393,0.14864227810521138
0.16140805075569206,0.17078232556148482,0.17943244484609724,0.17284519367859033,0.16777204076425517,0.14775994439388107
0.16113591179150072,0.1709699373087984,0.18006005446945963,0.17313956876085745,0.1678129804210776,0.14688154724830607
0.16086237875123288,0.17115634003944682,0.18068814116681625,0.17343331594241393,0.16785274243040074,0.14600708166969
0.16058746353229703,0.17134153245779607,0.18131669787200697,0.1737264337266019,0.1678913298733779,0.14513654253791908
0.1603111780464074,0.17152551330957447,0.18194571752060998,0.17401892065124042,0.16792874585942916,0.14426992461273758
0.16003353421873126,0.17170828138174038,0.18257519305023615,0.17431077528852568,0.16796499352584515,0.14340722253491991
0.15975454398703504,0.1718898355023522,0.18320511740083442,0.17460199624492875,0.1680000760373955,0.14254843082745627
0.15947421930084385,0.17207017454042828,0.18383548351497986,0.17489258216109688,0.1680339965859292,0.14169354389672126
0.15919257212059892,0.17224929740581393,0.18446628433818177,0.17518253171175155,0.16806675838998789,0.14084255603366652
0.1589096144168186,0.17242720304904002,0.18509751281916917,0.1754718436055751,0.16809836469440637,0.13999546141499133
0.1586253581692687,0.17260389046118374,0.1857291619101849,0.17576051658510936,0.16812881876992078,0.13915225410433182
0.15833981536613506,0.1727793586737249,0.18636122456728296,0.17604854942664194,0.16815812391277699,0.138312928053439
0.15805299800319764,0.17295360675839788,0.18699369375061575,0.17633594094009228,0.16818628344433617,0.13747747710336355
0.15776491808301463,0.1731266338270484,0.18762656242472117,0.17662268996889682,0.16821330071068116,0.1366458949856377
0.15747558761411173,0.17329843903148487,0.18825982355881654,0.17690879538989768,0.16823917908222874,0.13581817532345952
0.15718501861016532,0.17346902156332714,0.18889347012707994,0.17719425611321585,0.16826392195333473,0.13499431163287592
0.15689322308920556,0.17363838065385362,0.1895274951089394,0.17747907108213268,0.16828753274190386,0.13417429732396516
0.15660021307281433,0.1738065155738464,0.19016189148935225,0.17776323927297014,0.16831001488899874,0.13335812570201788
0.15630600058533076,0.17397342563343987,0.1907966522590924,0.17804675969496125,0.16833137185845412,0.13254578996872218
0.15601059765306288,0.17413911018195857,0.19143177041502651,0.17832963139012672,0.16835160713648134,0.13173728322334302
0.1557140163035049,0.17430356860776047,0.19206723896039982,0.1786118534331441,0.1683707242312884,0.1309325984639036
