0,1,2,3,4,5
0.18394245992573108,0.1652251874556821,0.16469291128393693,0.17994069020449385,0.13424482188294706,0.17195392924721062
0.1827594869190521,0.16537106553714567,0.16487922730524807,0.17904901866111456,0.1362994931768881,0.17164170840055074
0.18157570469620962,0.16551037883855008,0.16505843265373848,0.17815422597515254,0.13837922425890703,0.17132203357744444
0.1803911573687688,0.16564304351979772,0.16523043743357418,0.17725633280473477,0.14048414875644763,0.17099488011667704
0.17920589000906414,0.1657689760989637,0.16539515220811238,0.1763553609462162,0.1426143961093117,0.1706602246283318
0.17801994865770973,0.16588809349519157,0.16555248804622755,0.1754513333502104,0.14477009142154776,0.17031804502911327
0.17683338033060247,0.16600031307240395,0.16570235656946275,0.17454427413731172,0.14695135531248216,0.16996832057773725
0.17564623302540977,0.166105552683804,0.1658446699999903,0.17363420861344614,0.14915830376699665,0.16961103191035268
0.17445855572749902,0.16620373071714828,0.1659793412093458,0.17272116328485598,0.1513910479851862,0.16924616107596344
0.17327039841530262,0.16629476614077868,0.16610628376792846,0.17180516587266736,0.1536496942315073,0.16887369157181395
0.172081812065086,0.1663785785503781,0.16622541199523513,0.17088624532703367,0.15593434368355488,0.1684936083787137
0.1708928486551035,0.16645508821643965,0.1663366410108015,0.16996443184081764,0.15824509228058783,0.16810589799624795
0.16970356116911928,0.16652421613242344,0.16643988678583424,0.16903975686278533,0.1605820305719685,0.1677105484778663
0.1685140035992661,0.16658588406356117,0.16653506619547903,0.16811225311029157,0.16294524356562268,0.16730754946577817
0.1673242309482248,0.1666400145962968,0.16662209707172576,0.16718195458141571,0.16533481057669477,0.1668968922256425
0.16613429923070414,0.16668653118832555,0.16670089825689227,0.16624889656654132,0.16775080507653378,0.1664785696810028
0.16494426547419183,0.16672535821919968,0.1667713896576605,0.16531311565933027,0.17019329454218624,0.16605257644743004
0.16375418771897096,0.16675642104146643,0.16683349229963518,0.1643746497670756,0.17266234030652464,0.165618908866327
0.16256412501735962,0.16677964603230727,0.16688712838237124,0.16343353812040345,0.1751579974092015,0.165177565038358
0.16137413743217408,0.16679496064564,0.16693222133484267,0.16248982128229159,0.1776803144485949,0.16472854485645697
0.16018428603438484,0.16680229346464298,0.16696869587130486,0.16154354115638667,0.18022933343490055,0.16427185003838027
0.1589946328999437,0.1668015742546625,0.16699647804751075,0.16059474099457474,0.1828050896445672,0.16380748415874238
0.15780524110577138,0.1667927340164593,0.16701549531722296,0.15964346540380228,0.18540761147623383,0.16333545268050953
0.15661617472488373,0.16677570503976402,0.1670256765889937,0.15868976035209556,0.18803692030837907,0.1628557629858856
0.15542749882063317,0.1667504209570658,0.1670269522831407,0.15773367317376283,0.19069303035883214,0.1623684244065658
0.15423927944005933,0.1667168167976211,0.16701925438889423,0.15677525257375863,0.19337594854637177,0.1618734482532954
0.1530515836063216,0.16667482904161612,0.16700251652163337,0.15581454863116878,0.19608567435457153,0.1613708478446883
0.15186447931020597,0.1666243956744298,0.16697667398018107,0.1548516128018017,0.19882219969810958,0.16086063853527055
0.15067803550068487,0.16656545624095792,0.1669416638040894,0.15388649791985493,0.20158550879172793,0.16034283774268412
0.1494923220745251,0.16649795189993186,0.16689742483085934,0.1529192581986314,0.20437557802203768,0.1598174649740154
0.14830740986491595,0.16642182547818782,0.16684389775304218,0.15194994923028698,0.207192375822371,0.1592845418511961
0.14712337062912734,0.16633702152482474,0.16678102517515245,0.15097862798457734,0.21003586255088977,0.1587440921354296
0.14594027703516013,0.16624348636519398,0.16670875167033353,0.15000535280658242,0.21290599037213814,0.15819614175058952
0.14475820264741057,0.16614116815466007,0.16662702383672576,0.14903018341339674,0.21580270314225347,0.1576407188055547
0.14357722191129857,0.16603001693207525,0.16653579035343877,0.1480531808897432,0.21872593629802564,0.15707785361541562
0.14239741013690563,0.16590998467290974,0.16643500203611455,0.1470744076825165,0.22167561675002836,0.1565075787215252
0.1412188434815584,0.16578102534196054,0.16632461189195316,0.14609392759420725,0.2246516627799977,0.1559299289103248
0.14004159893140136,0.16564309494559665,0.1662045751741885,0.14511180577521277,0.22765398394268407,0.15534494123091871
0.13886575428192655,0.16549615158345435,0.1660748494359075,0.1441281087150058,0.230682480972368,0.1547526550113384
0.13769138811746373,0.16534015549953732,0.16593539458316348,0.14314290423214424,0.23373704569423354,0.15415311187345662
0.1365185797896387,0.16517506913263846,0.1657861729273043,0.14215626146310795,0.23681756094080578,0.1535463557465036
0.1353474093947892,0.16500085716602683,0.1656271492364464,0.14116825084995147,0.23992390047364207,0.15293243287914338
0.13417795775034513,0.16481748657632556,0.16545829078602378,0.14017894412675921,0.24305592891048,0.15231139185006778
0.13301030637017988,0.1646249266815243,0.16527956740834324,0.13918841430488704,0.2462135016580007,0.15168328357706728
0.13184453743892954,0.16442314918803905,0.16509095154106684,0.1381967356569894,0.24939646485044195,0.1510481613245339
0.1306807337852987,0.1642121282367772,0.16489241827455473,0.13720398369981468,0.25260465529419407,0.1504060807093596
0.12951897885434416,0.16399184044810575,0.1646839453979936,0.13621023517577135,0.2558379004185891,0.14975709970519682
0.1283593566787628,0.16376226496568497,0.16446551344424193,0.13521556803324858,0.2590960182330341,0.1491012786450288
0.12720195184918684,0.16352338349908793,0.16423710573330966,0.13422006140570253,0.26237881729066975,0.14843868022204332
0.12604684948350342,0.1632751803651252,0.16399870841442601,0.13322379558949435,0.26568609665871123,0.147769369488741
0.12489413519520495,0.16301764252782727,0.16375031050658398,0.1322268520204831,0.26901764589562055,0.14709341385427943
0.12374389506080223,0.16275075963700628,0.16349190393753485,0.13122931324938206,0.27237324503526916,0.14641088308000286
0.12259621558630128,0.1624745240653333,0.1632234835811332,0.13023126291587653,0.2757526645782198,0.14572184927313678
0.12145118367277793,0.16218893094385695,0.16294504729296988,0.12923278572150457,0.27915566549026977,0.14502638687862215
0.12030888658106415,0.16189397819592116,0.1626565959442396,0.12823396740132206,0.2825819992083829,0.14432457266906895
0.11916941189557509,0.1615896665693911,0.1623581334537615,0.1272348946943456,0.28603140765412555,0.14361648573280134
0.11803284748729403,0.16127599966713596,0.16204966681808952,0.12623565531279823,0.2895036232547059,0.1429022074599765
0.11689928147594947,0.16095298397572164,0.1617312061396573,0.125236337910162,0.2929983689717322,0.1421818215267778
0.11576880219141371,0.16062062889222764,0.16140276465289383,0.12423703204805833,0.29651535833777276,0.14145541387763155
0.11464149813434756,0.16027894674914944,0.16106435874824201,0.12323782816197451,0.30005429550080065,0.14072307270548545
0.11351745793612367,0.1599279528373236,0.160716007994033,0.12223881752584738,0.3036148752765772,0.13998488843009546
0.11239677031806879,0.15956766542682002,0.16035773515615911,0.12124009221553687,0.30719678320907123,0.1392409536743435
0.11127952405005485,0.159198105785753,0.15998956621548474,0.12024174507120938,0.31079969563892373,0.1384913632385735
0.11016580790847373,0.15881929819695745,0.15961153038295314,0.11924386965864904,0.3144232797800186,0.13773621407294645
0.10905571063363877,0.15843126997249082,0.15922366011233668,0.11824656022953905,0.3180671938041774,0.1369756052478176
0.10794932088665016,0.15803405146589725,0.15882599111058907,0.11724991168072402,0.32173108693399693,0.13620963792214116
0.10684672720576845,0.1576276760822186,0.158418562345751,0.11625401951250688,0.3254145995438355,0.1354384153099175
0.10574801796232976,0.15721218028568532,0.15800141605237727,0.11525897978599395,0.3291173632689286,0.13466204264468576
0.10465328131625981,0.15678760360507177,0.15757459773443944,0.11426488907953311,0.33283900112261655,0.1338806271420795
0.10356260517122003,0.15635398863666897,0.15713815616568577,0.11327184444428559,0.3365791276216673,0.13309427796047263
0.10247607712943829,0.15591138104484883,0.15669214338741133,0.11227994335895855,0.3403373489196182,0.13230310615972404
0.10139378444626984,0.15545982956019486,0.15623661470362543,0.11128928368375399,0.34411326294810324,0.13150722465805295
0.10031581398453679,0.15499938597516763,0.15577162867358724,0.11029996361356308,0.3479064595660763,0.13070674818706893
0.09924225216869483,0.15453010513729126,0.1552972471016935,0.10931208163045959,0.35171652071686704,0.1299017932449936
0.0981731849388765,0.15405204493984354,0.15481353502469974,0.10832573645553392,0.3555430205929471,0.12909247804809787
0.09710869770486669,0.15356526631002895,0.15432056069626815,0.10734102700011401,0.3593855258083215,0.1282789224804004
0.09604887530005321,0.153069833194629,0.1538183955688296,0.10635805231642793,0.3632435955783986,0.12746124804166137
0.09499380193541658,0.1525658125431292,0.15330711427276159,0.10537691154774809,0.36711678190722924,0.12663957779371676
0.09394356115359437,0.1520532742883027,0.1527867945928757,0.10439770387808013,0.37100462978194604,0.12581403630520102
0.0928982357830951,0.1515322913242766,0.15225751744222873,0.10342052848144151,0.3749066773742579,0.12498474959469898
0.09185790789269391,0.15100293948206048,0.15171936683325518,0.10244548447078292,0.3788224562488201,0.12415184507238833
0.09082265874607763,0.15046529750256074,0.15117242984623938,0.10147267084661306,0.3827514915782887,0.12331545148021891
0.08979256875678833,0.14991944700709517,0.15061679659514776,0.10050218644538109,0.38669330236489635,0.12247569883069358
0.08876771744351412,0.14936547246541027,0.1500525601908322,0.09953412988766305,0.39064740166828504,0.12163271834429495
0.0877481833857924,0.14880346116123674,0.1494798167016437,0.09856859952623094,0.39461329683945573,0.12078664238564238
0.08673404418016475,0.14823350315540004,0.1488986651114627,0.09760569339403741,0.39859048976051076,0.11993760439842412
0.08572537639684892,0.1476556912465116,0.14830920727521316,0.09664550915219469,0.4025784770900536,0.11908573883917814
0.08472225553696923,0.14707012092928115,0.14771154787186144,0.09568814403799317,0.4065767505139007,0.11823118110999295
0.08372475599041035,0.1464768903504791,0.14710579435496487,0.09473369481302991,0.4105847970009199,0.11737406749019391
0.08273295099432981,0.14587610026258885,0.14649205690081332,0.09378225771149282,0.4146020990636809,0.11651453506709314
0.08174691259239603,0.14526785397519512,0.14587044835419727,0.0928339283886764,0.4186281350236638,0.11565272166587263
0.08076671159479022,0.1446522573041562,0.14524108417187412,0.09188880186976917,0.4226623792807325,0.1147887657786781
0.07979241753902436,0.14402941851860468,0.1446040823637842,0.09094697249899521,0.4267043025865843,0.11392280649300553
0.07882409865162462,0.14339944828583884,0.1439595634320626,0.09000853388914337,0.43075337232188177,0.11305498341945029
0.07786182181072715,0.14276245961414874,0.14330765030793294,0.08907357887156053,0.43480905277672166,0.11218543661890679
0.07690565250962653,0.1421185677936613,0.14264846828653738,0.0881421994466654,0.4388708054342067,0.11131430652930323
0.07595565482132671,0.1414678903352365,0.14198214495977082,0.0872144867350248,0.44293808925670747,0.11044173389193478
0.07501189136413415,0.1408105469075116,0.14130881014720126,0.08629053092907385,0.4470103609745769,0.10956785967750411
0.0740744232683354,0.14014665927214182,0.14062859582515483,0.08537042124551003,0.45108707537692466,0.1086928250119329
0.07314331014399716,0.1394763512173243,0.13994163605403023,0.08445424587843742,0.455167685604169,0.10781677110204031
