0,1,2,3,4,5
0.1646908756330987,0.16173983038516201,0.1717583487013087,0.1739588897556114,0.16512421760570067,0.16272783791911968
0.16491116033458716,0.16225913878704337,0.17121715855452027,0.17317538798301768,0.16528668649616585,0.1631504678446659
0.1651288585553229,0.1627790876538526,0.1706763559591976,0.17239447604206506,0.1654493649989856,0.163571856790575
0.16534396573023205,0.1632996734887258,0.17013595212187363,0.17161615382680268,0.16561225908792696,0.16399199574443718
0.16555647742671487,0.16382089284273585,0.1695959581308837,0.17084042115587048,0.16577537469855916,0.16441087574523683
0.16576638934417956,0.16434274231483653,0.1690563849567859,0.17006727777299466,0.16593871772801636,0.1648284878831863
0.16597369731357892,0.16486521855179434,0.16851724345280814,0.16929672334747664,0.16610229403477886,0.1652448232995623
0.16617839729692216,0.16538831824812628,0.16797854435529683,0.1685287574746827,0.16626610943844494,0.16565987318652847
0.166380485386795,0.16591203814601746,0.1674402982841819,0.1677633796765237,0.16643016971952476,0.16607362878695772
0.16657995780586088,0.1664363750352528,0.16690251574345283,0.16700058940194742,0.16659448061923032,0.1664860813942576
0.1667768109063636,0.16696132575312736,0.16636520712164315,0.16624038602740934,0.1667590478392804,0.1668972223521763
0.16697104116961603,0.1674868871843656,0.16582838269232855,0.1654827688573635,0.16692387704170414,0.16730704305462088
0.1671626452054902,0.16801305626102475,0.16529205261463298,0.164727737124735,0.16708897384865498,0.1677155349454606
0.1673516197518908,0.1685398299624058,0.16475622693374567,0.1639752899913956,0.16725434384222856,0.16812268951833018
0.1675379616742344,0.16906720531495292,0.1642209155814469,0.16322542654864283,0.1674199925642915,0.16852849831643274
0.16772166796490517,0.16959517939214774,0.16368612837664068,0.16247814581766717,0.1675859255163073,0.1689329529323347
0.16790273574272507,0.17012374931440652,0.16315187502590608,0.16173344675002985,0.16775214815917544,0.16933604500775884
0.16808116225240421,0.17065291224896964,0.16261816512404598,0.16099132822812953,0.16791866591307547,0.16973776623337486
0.16825694486398807,0.17118266540979019,0.1620850081546493,0.16025178906567347,0.1680854841573113,0.17013810834858908
0.16843008107229993,0.17171300605741113,0.1615524134906623,0.15951482800814,0.16825260823016353,0.17053706314132433
0.16860056849637872,0.1722439314988516,0.16102039039496538,0.1587804437332515,0.16842004342875042,0.17093462244780372
0.16876840487891318,0.17277543908747883,0.16048894802096036,0.15804863485143222,0.16858779500888804,0.1713307781523305
0.16893358808566172,0.17330752622288365,0.15995809541315967,0.15731939990627578,0.16875586818495844,0.17172552218705978
0.16909611610488245,0.173840190350753,0.15942784150779463,0.15659273737500734,0.16892426812978353,0.17211884653177814
0.1692559870467412,0.17437342896273098,0.15889819513341422,0.15586864566894296,0.16909299997450097,0.17251074321367132
0.1694131991427272,0.1749072395962892,0.15836916501150144,0.15514712313394818,0.16926206880844238,0.17290120430709194
0.16956775074506147,0.17544161983458714,0.1578407597570964,0.15442816805090204,0.1694314796790274,0.17329022193332727
0.16971964032609568,0.17597656730632763,0.15731298787941875,0.1537117786361474,0.16960123759164353,0.17367778826036656
0.16986886647771274,0.17651207968561897,0.15678585778250348,0.15299795304195532,0.16977134750954775,0.1740638955026618
0.17001542791072066,0.17704815469182553,0.15625937776583546,0.1522866893569747,0.16994181435376077,0.17444853592088508
0.17015932345423776,0.17758479008941733,0.1557335560249945,0.15157798560669083,0.1701126430029684,0.17483170182169325
0.17030055205508612,0.17812198368782242,0.1552084006523035,0.15087183975387447,0.17028383829342844,0.17521338555748373
0.17043911277716833,0.17865973334127427,0.15468391963748473,0.1501682496990424,0.17045540501887982,0.17559357952615123
0.17057500480084492,0.17919803694865108,0.1541601208683111,0.14946721328090304,0.1706273479304512,0.17597227617083575
0.17070822742231379,0.17973689245332397,0.15363701213127903,0.14876872827681134,0.17079967173658187,0.17634946797968848
0.17083878005297562,0.1802762978429944,0.15311460111226619,0.148072792403215,0.1709723811029353,0.1767251474856134
0.17096666221880663,0.18081625114953156,0.15259289539720725,0.14737940331611066,0.17114548065232074,0.17709930726602124
0.17109187355972197,0.18135675044881366,0.15207190247277097,0.14668855861148844,0.1713189749646232,0.1774719399425831
0.17121441382893376,0.18189779386055377,0.15155162972703545,0.14600025582578036,0.17149286857672424,0.1778430381809724
0.1713342828923175,0.18243937954814193,0.15103208445017224,0.1453144924363109,0.17166716598243326,0.17821259469062423
0.1714514807277622,0.18298150571847047,0.15051327383513222,0.1446312658617407,0.1718418716324216,0.17858060222447272
0.1715660074245224,0.1835241706217651,0.14999520497833516,0.14395057346251589,0.17201698993415526,0.17894705357870286
0.17167786318257783,0.1840673725514143,0.1494778848803602,0.14327241254131345,0.17219252525183226,0.17931194159250244
0.1717870483119701,0.18461110984378867,0.14896132044663965,0.1425967803434842,0.17236848190632018,0.17967525914779725
0.1718935632321583,0.18515538087807623,0.1484455184881603,0.1419236740574996,0.17254486417509562,0.18003699916900734
0.17199740847135875,0.18570018407609779,0.14793048572215917,0.1412530908153977,0.1727216762921931,0.18039715462279324
0.17209858466588718,0.18624551790213215,0.14741622877282617,0.14058502769322034,0.17289892244814142,0.18075571851779276
0.17219709255949922,0.18679138086273422,0.14690275417200813,0.13991948171146526,0.1730766067899134,0.18111268390438082
0.17229293300272905,0.18733777150655923,0.14639006835991586,0.13925644983552143,0.17325473342087366,0.18146804387440418
0.1723861069522236,0.18788468842417336,0.14587817768582848,0.1385959289761143,0.17343330640072124,0.181821791560938
0.17247661547008306,0.1884321302478817,0.1453670884088069,0.1379379159897493,0.17361232974545227,0.18217392013802658
0.17256445972318646,0.1889800956515311,0.14485680669839954,0.13728240767914957,0.17379180742729725,0.18252442282043568
0.17264964098252977,0.18952858335033562,0.1443473386353563,0.13662940079369962,0.17397174337467788,0.18287329286339893
0.17273216062255536,0.19007759210068612,0.14383869021234175,0.1359788920298848,0.17415214147216324,0.18322052356237187
0.17281202012047875,0.19062712069996054,0.1433308673346458,0.13533087803172988,0.1743330055604178,0.18356610825277023
0.17288922105562024,0.1911771679863409,0.14282387582090192,0.13468535539124063,0.17451433943616013,0.1839100403097374
0.17296376510873396,0.19172773283862235,0.1423177214038,0.13404232064884458,0.1746961468521133,0.18425231314788518
0.1730356540613311,0.1922788141760213,0.1418124097308014,0.13340177029382727,0.17487843151696494,0.184592920221053
0.1731048897950086,0.19283041095798814,0.14130794636485566,0.13276370076477004,0.17506119709531773,0.18493185502205922
0.1731714742907731,0.1933825221840128,0.1408043367851167,0.1321281084499916,0.17524444720764637,0.18526911108245991
0.17323540962836778,0.1939351468934335,0.14030158638765683,0.13149498968798182,0.1754281854302569,0.18560468197230515
0.17329669798559402,0.19448828416524352,0.13979970048618623,0.13086434076784295,0.1756124152952348,0.18593856129989672
0.17335534163764255,0.19504193311790177,0.13929868431276593,0.1302361579297238,0.17579714029040988,0.18627074271155517
0.17341134295640923,0.19559609290913182,0.13879854301852576,0.1296104373652572,0.17598236385930147,0.18660121989137354
0.17346470440982462,0.1961507627357306,0.13829928167437544,0.1289871752179974,0.1761680894010825,0.18692998656099097
0.1735154285611749,0.19670594183337212,0.13780090527172384,0.12836636758385261,0.17635432027052558,0.18725703647935024
0.17356351806843126,0.19726162947641246,0.13730341872319016,0.12774801051152562,0.17654105977796583,0.18758236344247378
0.17360897568356717,0.19781782497769365,0.1368068268633177,0.12713210000294387,0.17672831118924542,0.18790596128323178
0.17365180425188864,0.198374527688342,0.13631113444928614,0.12651863201369754,0.17691607772567097,0.18822782387111342
0.1736920067113552,0.19893173699757716,0.13581634616162108,0.1259076024534717,0.17710436256396567,0.1885479451120054
0.1737295860919107,0.19948945233250942,0.1353224666049087,0.12529900718648213,0.17729316883621846,0.1888663189479681
0.1737645455148035,0.20004767315794147,0.134829500308498,0.12469284203190799,0.1774824996298323,0.18918293935701705
0.1737968881919153,0.2006063989761714,0.13433745172721342,0.12408910276432468,0.17767235798747308,0.1894978003529011
0.1738266174250905,0.2011656293267904,0.1338463252420593,0.12348778511413637,0.1778627469070227,0.18981089598489875
0.1738537366054637,0.20172536378648917,0.13335612516092513,0.12288888476800912,0.17805366934151876,0.19012222033759674
0.17387824921278566,0.20228560196884646,0.13286685571928364,0.12229239736930222,0.17824512819909977,0.19043176753068566
0.17390015881475618,0.2028463435241399,0.13237852108090042,0.12169831851849913,0.1784371263429504,0.19073953171875488
0.17391946906635686,0.20340758813913806,0.13189112533852806,0.12110664377364085,0.17862966659124463,0.1910455070910906
0.17393618370918026,0.20396933553690275,0.1314046725146022,0.12051736865075288,0.17882275171708337,0.19134968787147724
0.17395030657076438,0.2045315854765845,0.13091916656194236,0.11993048862427827,0.17901638444843074,0.1916520683179996
0.17396184156392727,0.2050943377532224,0.13043461136443957,0.11934599912750526,0.17921056746805708,0.19195264272284995
0.17397079268610602,0.20565759219753899,0.12995101073775003,0.11876389555299585,0.17940530341346744,0.19225140541214417
0.17397716401868912,0.2062213486757409,0.12946836842998635,0.118184173253017,0.17960059487683608,0.19254835074573107
0.1739809597263613,0.20678560708931534,0.12898668812240058,0.11760682753996707,0.17979644440493925,0.19284347311701555
0.17398218405644036,0.20735036737482357,0.1285059734300708,0.11703185368680297,0.1799928544990829,0.19313676695277798
0.17398084133822267,0.20791562950370188,0.12802622790258103,0.11645924692746662,0.18018982761502877,0.19342822671299964
0.173976935982323,0.20848139348205222,0.12754745502470216,0.11588900245731411,0.18038736616291579,0.19371784689069496
0.1739704724800257,0.20904765935044123,0.12706965821706642,0.11532111543353683,0.18058547250718737,0.194005622011743
0.17396145540263044,0.20961442718369486,0.12659284083684483,0.11475558097559181,0.1807841489665085,0.19429154663472914
0.17394988940080158,0.2101816970906963,0.1261170061784138,0.11419239416562227,0.18098339781368156,0.1945756153507853
0.17393577920392067,0.21074946921417048,0.1256421574740263,0.11363155004888341,0.1811832212755631,0.19485782278343433
0.1739191296194409,0.2113177437304949,0.12516829789447798,0.11307304363416605,0.18138362153297607,0.19513816358844405
0.1738999455322416,0.21188652084947712,0.12469543054976538,0.11251686989421783,0.18158460072061722,0.1954166324536829
0.17387823190398766,0.21245580081415827,0.12422355848974823,0.11196302376616632,0.18178616092696542,0.1956932240989744
0.17385399377249333,0.21302558390060264,0.12375268470480687,0.11141150015193924,0.18198830419418732,0.19596793327596998
0.17382723625107807,0.21359587041769482,0.1232828121264929,0.11086229391868672,0.18219103251803595,0.19624075476801067
0.17379796452793944,0.2141666607069247,0.12281394362817971,0.11031539989919921,0.18239434784775155,0.19651168339000458
0.17376618386551582,0.21473795514218724,0.1223460820257093,0.10977081289232832,0.18259825208595545,0.19678071398830427
0.1737318995998581,0.215309754129569,0.12187923007803468,0.10922852766340213,0.18280274708854455,0.19704784144059082
0.17369511714000452,0.21588205810714403,0.12141339048786111,0.10868853894464765,0.18300783466458215,0.19731306065576057
