0,1,2,3,4,5
0.1629480325974788,0.14391448833434667,0.16121606212917258,0.18723461948000916,0.1834620643364395,0.16122473312255484
0.1632219332349561,0.14530375507165016,0.16159818480640004,0.18588674555902385,0.18238675344259714,0.16160262788537041
0.16349098025419104,0.14670172122718556,0.1619758176417519,0.18454342547160452,0.18131153697139699,0.1619765184338707
0.16375514497246288,0.14810837801742976,0.16234892304198667,0.18320469921282256,0.1802364839342874,0.16234637082100778
0.16401439930038403,0.1495237158219942,0.16271746390759356,0.18187060630147553,0.17916166314555135,0.16271215152299998
0.16426871574767316,0.15094772418178168,0.1630814036403408,0.18054118577412168,0.17808714321014463,0.1630738274459412
0.1645180674287729,0.15238039179732088,0.16344070615072612,0.1792164761792471,0.17701299251163188,0.16343136593230298
0.16476242806831876,0.15382170652729607,0.16379533586529157,0.17789651557156724,0.175939279200197,0.16378473476732838
0.16500177200643817,0.15527165538724177,0.16414525773380326,0.17658134150646282,0.17486607118073733,0.1641339021853172
0.16523607420388803,0.15673022454842991,0.16449043723630705,0.1752709910345453,0.17379343610104162,0.16447883687578857
0.1654653102470403,0.15819739933694135,0.16483084039004495,0.17396550069636296,0.1727214413400673,0.16481950798954098
0.16568945635269303,0.15967316423291653,0.16516643375623832,0.1726649065172516,0.17165015399631467,0.16515588514458585
0.16590848937271488,0.16115750286998956,0.16549718444672704,0.17136924400231418,0.1705796408762919,0.1654879384319646
0.16612238679853025,0.1626503980349129,0.16582306013047274,0.1700785481315452,0.16950996848309488,0.1658156384214419
0.166331126765427,0.16415183166736314,0.16614402903991785,0.16879285335511068,0.1684412030050985,0.16613895616708316
0.16653468805669608,0.16566178485992733,0.1664600599771919,0.16751219358875172,0.16737341030473935,0.16645786321269612
0.16673305010759834,0.16718023785827982,0.16677112232018074,0.1662366022093461,0.16630665590744076,0.16677233159715235
0.16692619300916423,0.1687071700615474,0.1670771860284425,0.16496611205061992,0.16524100499064198,0.1670823338595843
0.1671140975118101,0.17024256002284313,0.16737822164896574,0.16370075539899184,0.16417652237295116,0.16738784304443777
0.16729674502878558,0.17178638545000827,0.1676742003217854,0.16244056398958215,0.1631132725034318,0.16768883270640705
0.1674741176394425,0.17333862320651142,0.16796509378543642,0.16118556900236064,0.16205131945101361,0.16798527691523446
0.16764619809232761,0.17489924931256343,0.1682508743822533,0.15993580105845104,0.1609907268940396,0.16827715026036671
0.16781296980809737,0.17646823894637975,0.168531515063512,0.15869129021657982,0.15993155810994925,0.16856442785548076
0.1679744168822562,0.17804556644566077,0.16880698939441255,0.157452065969687,0.15887387596510638,0.16884708534288095
0.16813052408770623,0.1796312053092271,0.1690772715588972,0.1562181572416764,0.1578177429047588,0.1691250988977362
0.16828127687713595,0.18122512819885755,0.16934233636431417,0.15498959238433332,0.1567632209431583,0.16939844523220293
0.16842666138520834,0.18282730694129126,0.16960215924590805,0.1537663991743833,0.1557103716538246,0.16966710159938556
0.16856666443058202,0.18443771253042618,0.16985671627115356,0.15254860481071045,0.15465925615995596,0.16993104579717147
0.16870127351774813,0.1860563151296832,0.17010598414391995,0.15133623591173342,0.153609935125006,0.17019025617190744
0.1688304768386845,0.18768308407456172,0.17034994020847039,0.1501293185129259,0.15256246874340934,0.17044471162195052
0.168954263274327,0.189317987875358,0.1705885624532877,0.14892787806450136,0.15151691673147086,0.17069439160105296
0.16907262239587267,0.19096099422008497,0.17082182951474353,0.14773193942925086,0.15047333831842408,0.17093927612162715
0.1691855444658788,0.19261206997753294,0.17104972068058097,0.14654152688052807,0.1494317922376418,0.1711793457578369
0.16929302043920721,0.1942711812005441,0.1712722158932506,0.14535666410040096,0.14839233671803154,0.17141458164856654
0.16939504196376795,0.1959382931294226,0.171489295753047,0.1441773741779492,0.14735502947558607,0.17164496550022537
0.16949160138109184,0.19761337019555114,0.1717009415211022,0.1430036796077182,0.14631992770511928,0.17187047958941643
0.16958269172672144,0.19929637602515093,0.17190713512218303,0.141835602288333,0.14528708807216742,0.17209110676544603
0.16966830673042294,0.20098727344322687,0.1721078591473357,0.14067316352125292,0.14425656670506923,0.17230683045269396
0.16974844081621848,0.20268602447767545,0.17230309685634587,0.13951638400969799,0.14322841918723137,0.17251763465283063
0.16982308910224034,0.20439259036356408,0.17249283218003197,0.13836528385771324,0.14220270054956563,0.172723503946888
0.16989224740040368,0.20610693154755913,0.1726770497223608,0.13721988256939094,0.14117946526311206,0.17292442349717282
0.16995591221591538,0.20782900769254192,0.17285573476239557,0.1360801990482493,0.1401587672318487,0.17312037904904778
0.17001408074658797,0.20955877768236827,0.1730288732560658,0.13494625159675486,0.13914065978568083,0.17331135693254027
0.17006675088199424,0.21129619962678897,0.1731964518377695,0.13381805791600124,0.13812519567362347,0.1734973440638241
0.1701139212024373,0.21304123086653423,0.17335845782179607,0.13269563510553284,0.1371124270571642,0.1736783279465349
0.17015559097775693,0.21479382797855448,0.17351487920358355,0.1315789996633271,0.13610240550382827,0.1738542966729511
0.17019176016595516,0.21655394678140702,0.17366570466079995,0.13046816748590892,0.13509518198091902,0.17402523892501104
0.1702224294116551,0.21832154234080345,0.1738109235542502,0.12936315386863154,0.13409080684945976,0.1741911439751961
0.17024760004439682,0.22009656897530844,0.17395052592862098,0.12826397350608768,0.13308932985833105,0.17435200168725615
0.17026727407674624,0.22187898026216693,0.1740845025130386,0.12717064049267154,0.13209080013858726,0.17450780251678913
0.1702814542022627,0.22366872904330995,0.17421284472147427,0.12608316832328997,0.1310952661979844,0.1746585375116779
0.17029014379327942,0.22546576743147634,0.1743355446529691,0.12500156989420758,0.13010277591569222,0.17480419831237418
0.17029334689853573,0.22727004681648685,0.17445259509168914,0.1239258575040388,0.12911337653720753,0.17494477715204348
0.170291068240634,0.22908151787165895,0.17456398950681773,0.12285604285487663,0.12812711466945748,0.17508026685655742
0.17028331321334647,0.23090013056035877,0.17466972205228026,0.12179213705356454,0.12714403627610532,0.17521066084434517
0.17027008787876288,0.23272583414268283,0.17476978756629546,0.12073415061310497,0.12616418667305065,0.17533595312610456
0.17025139896427302,0.23455857718227352,0.17486418157076894,0.11968209345419606,0.12518761052412794,0.17545613830436305
0.17022725385940132,0.23639830755327032,0.1749529002705194,0.11863597490691563,0.12421435183699615,0.17557121157289948
0.17019766061248584,0.2382449724473812,0.17503594055234115,0.11759580371252659,0.12324445395923536,0.1756811687160319
0.1701626279272072,0.24009851838108495,0.17511329998390185,0.1165615880254226,0.12227795957463357,0.17578600610774817
0.1701221651589688,0.24195889120295308,0.17518497681248646,0.11553333541519442,0.12131491069967204,0.17588572071072256
0.17007628231112448,0.24382603610109357,0.1752509699635757,0.1145110528688336,0.12035534868020634,0.17598031007516737
0.17002499003106702,0.24569989761070332,0.1753112790392652,0.11349474679305303,0.11939931418834587,0.17606977233756546
0.16996829960617418,0.24758041962175562,0.17536590431653418,0.1124844230167403,0.11844684721952965,0.17615410621926642
0.16990622295960786,0.2494675453867825,0.1754148467453525,0.1114800867935266,0.11749798708979198,0.17623331102493867
0.16983877264598046,0.25136121752876933,0.175458107946637,0.11048174280448243,0.11655277243323219,0.17630738664089873
0.1697659618468827,0.2532613780491639,0.17549569021005246,0.10948939516092585,0.11561124119966866,0.1763763335333031
0.16968780436627842,0.2551679683359871,0.1755275964916713,0.10850304740735457,0.11467343065249457,0.17644015274621339
0.16960431462576273,0.2570809291720386,0.1755538304114657,0.10752270252448583,0.1137393773667196,0.17649884589952858
0.16951550765970153,0.2590002007432132,0.17557439625067306,0.10654836293241385,0.11280911722720639,0.1765524151867938
0.16942139911023363,0.26092572264690367,0.17558929894900208,0.10558003049387867,0.11188268542709998,0.17660086337288414
0.1693220052221529,0.26285743390050786,0.17559854410169784,0.10461770651763876,0.11096011646644108,0.1766441937915595
0.16921734283767417,0.26479527295001504,0.17560213795647592,0.10366139176195772,0.11004144415097404,0.176682410342905
0.1691074293910645,0.2667391776786868,0.1756000874102931,0.10271108643818733,0.1091267015911336,0.17671551749063596
0.1689922829031749,0.26868908541582437,0.17559240000600707,0.10176679021446003,0.10821592120122833,0.17674352025930593
0.16887192197584988,0.27064493294562053,0.17557908392887875,0.10082850221947919,0.10730913469879923,0.1767664242313727
0.16874636578622101,0.2726066565160829,0.17556014800295305,0.0998962210464059,0.10640637310416666,0.1767842355441686
0.16861563408090247,0.27457419184804416,0.17553560168730195,0.09896994475684537,0.1055076667401575,0.1767969608867466
0.16847974717007078,0.2765474741442391,0.1755054550721422,0.09804967088492123,0.10461304523201072,0.1768046074966149
0.16833872592144353,0.2785264380984609,0.1754697188748175,0.09713539644145014,0.10372253750746414,0.1768071831563645
0.16819259175416135,0.2805110179047804,0.17542840443566152,0.09622711791819609,0.10283617179701396,0.17680469619018596
0.1680413666325674,0.28250114726683245,0.17538152371373997,0.09532483129221916,0.10195397563435568,0.17679715546028404
0.1678850730598922,0.2844967594071703,0.17532908928246202,0.09442853203030449,0.10107597585699121,0.17678457036317957
0.1677237340718431,0.28649778707667367,0.1752711143250799,0.0935382150934747,0.10020219860701066,0.17676695082591581
0.16755737323011133,0.2885041625640229,0.17520761263007162,0.09265387494158661,0.09933266933204293,0.1767443073021628
0.16738601461578623,0.2905158177052154,0.1751385985864054,0.09177550553799661,0.09846741278637447,0.17671665076822093
0.16720968282268228,0.2925326838931519,0.17506408717869673,0.09090310035431111,0.09760645303223117,0.17668399271892987
0.16702840295058963,0.294554692087252,0.17498409398224687,0.0900366523752044,0.09674981344122521,0.17664634516348127
0.16684220059845,0.2965817728231416,0.1748986351579918,0.08917615410330915,0.09589751669596357,0.17660372062114388
0.16665110185744017,0.2986138562223578,0.17480772744732243,0.088321597564177,0.09504958479181332,0.17655613211688817
0.16645513330400227,0.300650872002113,0.17471138816682488,0.08747297431130115,0.09420603903882295,0.17650359317693462
0.16625432199278786,0.3026927494850928,0.17460963520290296,0.08663027543120673,0.0933669000638049,0.17644611782420722
0.16604869544954334,0.3047394176092851,0.17450248700630897,0.08579349154859994,0.09253218781255833,0.17638372057370405
0.16583828166392645,0.30679080493785427,0.1743899625865936,0.0849626128315815,0.0917019215522548,0.17631641642779225
0.1656231090822614,0.30884683966902654,0.17427208150643136,0.08413762899690833,0.0908761198739591,0.1762442208714136
0.1654032066002373,0.31090744964603395,0.17414886387588566,0.08331852931531802,0.09005480069530691,0.17616714986721835
0.16517860355554434,0.31297256236704585,0.1740203303465736,0.08250530261690052,0.08923798126331246,0.17608521985062345
0.16494932972046247,0.31504210499515006,0.173886502105742,0.08169793729652292,0.08842567815732698,0.1759984477247957
0.16471541529439324,0.3171160043683523,0.17374740087026583,0.08089642131929889,0.0876179072921289,0.17590685085556235
0.1644768908963484,0.31919418700957386,0.17360304888056569,0.08010074222610575,0.08681468392114898,0.17581044706625495
