0,1,2,3,4,5
0.33001490252502425,0.0386033109513915,0.3384327219405192,0.12276344754282598,0.10685352995228371,0.06333208708795385
0.22133011494264743,0.06109432797256126,0.32354137230025376,0.14763224045030912,0.10903701546283995,0.1373649288713895
0.1264691178699735,0.09236155400675324,0.18882145749667292,0.1994120041373201,0.3038635327306118,0.08907233375866995
0.10446822927946481,0.025239631026380847,0.2990013392539535,0.07082458624598933,0.45664354459378365,0.04382266960042911
0.10007401999114114,0.08479957471808684,0.18157030053674977,0.15664595235683704,0.3847561544758456,0.09215399792133917
0.11135645374773512,0.04638406148024822,0.13895223695582676,0.09475116749694416,0.5348030098689606,0.0737530704502854
0.17834659164427671,0.04339463294195536,0.22169384958926452,0.1417624445752992,0.3539962811876595,0.06080620006154695
0.3311254738536279,0.03879908175295541,0.33734712725548205,0.12236655978850856,0.10695848628492206,0.06340327106450618
0.2221119347185734,0.06142598437676968,0.3225257400158242,0.14719605079589917,0.10917645448768538,0.1375638356052482
0.1268956947803432,0.09283495976494624,0.18816233175135774,0.19873995252999246,0.30419382462066685,0.08917323655269288
0.10483426624446678,0.02537205461648992,0.29805942104227057,0.07060051828686628,0.45725088820884363,0.04388285160106421
0.10037596484654128,0.08521931495404653,0.18091804787254312,0.1561277601011281,0.38511131596073994,0.09224759626500001
0.11165250025333276,0.046601685693827784,0.1384142618322471,0.09441017945163371,0.5351061260421692,0.07381524672678488
0.17891576358871086,0.043613303989529825,0.2209355201989017,0.14130746271597866,0.3543467740793051,0.06088117542757494
0.3322368446527113,0.038995528528529194,0.33626137543178747,0.12196999007900831,0.10706227045702332,0.06347399085093967
0.22289450514474415,0.061758956757289894,0.3215098180884062,0.14676005895613295,0.10931479693264233,0.13776186412078503
0.12732264681842717,0.09331010529756714,0.1875035733608324,0.19806887178334806,0.30452123292878197,0.08927356981104309
0.10520103708112641,0.025505081552142903,0.2971184557564324,0.07037694175714868,0.4578555510316765,0.04394293282147149
0.10067818312127069,0.08564066722182373,0.18026663074879468,0.15561051560888706,0.38546324422666717,0.09234075907255632
0.11194899461339984,0.04682016121710146,0.13787754748097927,0.09407022247341354,0.5354059310892576,0.07387714312585017
0.17948565682487047,0.043832841858936246,0.2201779526525492,0.14085328731676813,0.3546943722891454,0.06095588905772967
0.3333489941745562,0.03919265143905011,0.33517548874765263,0.12157374303482624,0.1071648784643896,0.06354424413952532
0.22367781135288592,0.06209324659708805,0.3204936269008563,0.14632426946563457,0.10945203742643386,0.13795900825710167
0.12774996698545416,0.09378699241977484,0.18684519443627215,0.1973987667433153,0.3048457482518315,0.08937333116335178
0.10556854067125668,0.025638714147163413,0.29617845320495184,0.07015385685750765,0.45845752247949695,0.044002912639620535
0.10098067113409984,0.08606363502995427,0.1796160570528239,0.15509422096927872,0.3858119312257028,0.09243348458813795
0.11224593614202608,0.047039490671352754,0.13734209574097037,0.0937312943637481,0.5357024241501736,0.07393875893172797
0.18005626600400845,0.04405324878519555,0.21942115708415452,0.14039991988847345,0.3550390685171772,0.061030339720992026
0.3344619015888585,0.03939045063554826,0.3340894894986285,0.12117782328366107,0.10726630635472693,0.06361402863857775
0.22446183839257597,0.06242885535775111,0.31947718686007254,0.14588868688081866,0.10958817063869056,0.13815526187008964
0.12817764824504013,0.09426562292226573,0.18618720705202108,0.19672964224974307,0.305167361281184,0.0894725182497483
0.10593677588228212,0.025772954723001312,0.29523942315514884,0.06993126378419041,0.4590567920221116,0.04406279043326547
0.10128342518033764,0.08648822188076205,0.17896633463148282,0.15457887825703412,0.3861573689926512,0.09252577105773183
0.11254332413746944,0.047259676683732786,0.1368079084170915,0.09339339293167259,0.5359956043987653,0.0740000934312671
0.18062758574163007,0.04427452700529289,0.21866514358379824,0.13994736193859614,0.35538085554314436,0.06110452618754061
0.33557554598393935,0.039588926259249146,0.3330033999960992,0.12078223545998719,0.1073665502280599,0.06368334207266249
0.22524657123195313,0.06276578447950132,0.31846051839576595,0.14545331577943726,0.10972319128043877,0.13835061883290317
0.1286056835234073,0.09474599857124293,0.18552962324512676,0.1960615031359441,0.30548606280329055,0.089571128720989
0.1063057415671851,0.025907805608754705,0.294301375332933,0.06970916272897233,0.45965334918220396,0.04412256557995176
0.10158644153184639,0.08691443127028645,0.17831747129098593,0.15406448953232982,0.3864995496453244,0.0926176167292261
0.11284115788208467,0.0474807218872685,0.13627498728033308,0.0930565159936223,0.5362854710427767,0.07406114591391884
0.18119961061754675,0.04449667875820063,0.21790992219746003,0.1394956149711486,0.3557197262268499,0.061178447228793204
0.33668990636796586,0.03978807844167409,0.33191724256577815,0.12038698420463007,0.10746560623714534,0.06375218218280511
0.22603199475844726,0.06310403538121265,0.3174436419592023,0.1450181607601155,0.10985709410458855,0.13854507303643473
0.12903406570961845,0.09522812110838683,0.18487245501487798,0.19539435422824153,0.3058018437002901,0.08966916023858554
0.10667543656445203,0.02604326914119227,0.2933643194225866,0.0694875538791139,0.4602471835356313,0.0441822374570256
0.10188971643706575,0.08734226668821488,0.1776694747967503,0.15355105684066536,0.38683846538484273,0.09270901985246176
0.11313943664224703,0.0477026289208689,0.13574333406799718,0.0927206613732662,0.5365720233238893,0.07412191567173326
0.18177233517592117,0.044719706284897236,0.21715550292678848,0.13904468048647345,0.35605567350848055,0.06125210161744226
0.3378049616701731,0.039987907304744864,0.3308310395461695,0.1199920741643394,0.10756347058787719,0.06382054672669468
0.22681809377950146,0.06344360946043164,0.3164265780219522,0.1445832264418985,0.10998987390641972,0.13873861838979615
0.12946278765580743,0.09571199225082565,0.18421571432233264,0.19472820034551355,0.30611469495058696,0.08976661047493191
0.10704585969801449,0.02617934766477455,0.29242826506654856,0.06926643741731457,0.4608382847117085,0.04424180544164095
0.10219324612103474,0.08777173161781171,0.17702235287322526,0.15303858221273983,0.38717410849590883,0.09279997867927926
0.11343815966828634,0.04792540042933508,0.13521295048389603,0.09238582690134718,0.5368552605177717,0.07418240199936287
0.18234575392531863,0.04494361182838617,0.21640189572885912,0.13859455998105566,0.35638869040888554,0.06132548812749141
0.33892069074210246,0.04018841296089093,0.3297448132870621,0.11959750999136412,0.10766013953969011,0.0638884334788901
0.2276048530233302,0.06378450809340133,0.31540934707462964,0.14414851746378646,0.11012152552406178,0.13893124882079033
0.12989184217741517,0.09619761369111575,0.18355941308986176,0.19406304629874668,0.306424607629429,0.08986347711343107
0.10741700977719715,0.02631604353167647,0.2914932218651953,0.0690458135216689,0.4614266423934939,0.04430126891076864
0.1024970267854139,0.08820282953585036,0.17637611320373534,0.1525270676643409,0.38750647134709054,0.09289049146356824
0.11373732619441451,0.0481490390633659,0.13468383819854204,0.09205201041551947,0.5371351819340977,0.07424260419406041
0.18291986133875618,0.04516839763371946,0.21564911051596083,0.13814525494735302,0.35671877002991415,0.06139860553429612
0.34003707235885255,0.04038959551315757,0.3286585861479861,0.11920329634302743,0.10775560940595366,0.06395584023102152
0.2283922571396605,0.06412673263508806,0.3143919696256157,0.1437140384842732,0.11025204383897375,0.13912295827639046
0.13032122205342347,0.0966849870972135,0.1829035632006816,0.1933988968905873,0.30673157290947173,0.08995975784862228
0.10778888559665671,0.026453359101808686,0.29055919937663516,0.068825682365623,0.4620122463180741,0.04436062724120486
0.1028010546085085,0.08863556391254057,0.1757307634303156,0.15201651519622347,0.3878355463910978,0.09298055646131537
0.11403693543865062,0.048373547479565085,0.13415599884933974,0.09171920976019247,0.5374117869165735,0.07430252155567964
0.18349465185375116,0.04539406594801607,0.21489715715534732,0.13769676687360607,0.35704590555468063,0.061471452614599964
0.3411540852203279,0.04059145505531755,0.32757238049669407,0.11880943788130036,0.10784987655436534,0.06402276479199462
0.22918029070049467,0.06447028441921071,0.3133744661997848,0.14327979418087874,0.11038142377641484,0.1393137407232132
0.13075092002660105,0.09717411411245559,0.18224817649839656,0.19273575691489667,0.30703558206134485,0.09005545038630634
0.1081614859363264,0.026591296742839634,0.28962620711648945,0.06860604411793259,0.46259508627683205,0.04441987980957911
0.10310532574529371,0.0890699382114607,0.17508631115355341,0.15150692679399994,0.3881613261650378,0.09307017193065503
0.11433698660274931,0.04859892834044807,0.13362943404077252,0.09138742278637335,0.5376850748429821,0.07436215338667469
0.1840701198723795,0.04562061902048484,0.21414604546902036,0.13724909724366754,0.3573700902478709,0.06154402814657268
0.34227170795251505,0.04079399167198449,0.3264862187075996,0.11841593927237384,0.10794293740733632,0.06408920498819012
0.2299689382008916,0.0648151647582771,0.31235685733722535,0.1428457892496868,0.1105096603059186,0.13950359014799704
0.13118092880374074,0.09766499635554189,0.18159326478653282,0.19207363115631151,0.3073366264542005,0.09015055244366946
0.10853480956135679,0.026729858830217425,0.2886942545576953,0.0683868989426213,0.46317515211574944,0.044479025992363
0.10340983632744272,0.08950595588948643,0.17444276393243086,0.15099830442802747,0.388483803290696,0.09315933613191955
0.11463747887213066,0.048825184314447524,0.1331041453445943,0.0910566473515178,0.5379550451252062,0.0744214989921032
0.18464625976132948,0.04584805910244778,0.21339578523350675,0.1368022475368265,0.3576913174560383,0.0616163309098507
0.3433899191087467,0.040997205438728465,0.3254001231602548,0.11802280518623312,0.10803478844237163,0.06415515866366349
0.2307581840597335,0.06516137494361769,0.31133916359193786,0.1424120284048746,0.1106367484417567,0.13969250055807633
0.13161124105590957,0.09815763542051659,0.18093883982809203,0.19141252438980685,0.30763469755626305,0.09024506174941171
0.1089088552220561,0.02686904774719152,0.2877633511302852,0.06816824699893966,0.46375243373564984,0.04453806516587956
0.1037145824633499,0.08994362039672098,0.17380012928416785,0.15049065005329984,0.3888029704747772,0.09324804732768734
0.1149384114158058,0.049052318075920705,0.1325801343000125,0.09072688131937823,0.5382216972092592,0.0744805576796238
0.18522306585195022,0.04607638844736052,0.2126463861796205,0.13635621922763166,0.3580095806078641,0.06168835968557375
0.34450869717099586,0.0412010964221943,0.32431411623778844,0.11763004029623197,0.10812542619244628,0.06422062368034406
0.23154801262052618,0.06550891624542846,0.31032140553054405,0.14197851637824427,0.11076268324340258,0.13988046598185566
0.13204184941869448,0.09865203287675156,0.18028491334507835,0.19075244138025405,0.3079297869353581,0.09033897604386523
0.10928362165383056,0.02700886588483424,0.28683350622119647,0.06795008844132519,0.4643269210925028,0.04459699670631062
0.10401956023816193,0.0903829351764247,0.17315841468406415,0.14998396560934107,0.3891188205091734,0.09333630378283546
0.11523978338630282,0.04928033230515347,0.13205740241387595,0.09039812255985515,0.538485030575313,0.07453932875950074
0.18580053244031344,0.046305609310837076,0.21189785799224825,0.13591101378571785,0.35832487321445616,0.06176011325642406
0.3456280205511598,0.04140566468022068,0.3232282203253532,0.11723764927866154,0.10821484724637362,0.06428559791822996
0.23233840815218934,0.06585778991281216,0.30930360373097554,0.14154525791874997,0.11088745981598931,0.1400674804692817
0.13247274649245175,0.09914819026893686,0.17963149701805267,0.19009338688199545,0.3082218862594441,0.09043229307912205
0.10965910757712503,0.02714931564206253,0.28590472917406295,0.067732423419365,0.464898604197678,0.044655819989707926
0.10432476571380504,0.09082390366494499,0.17251762756535577,0.14947825302009762,0.3894313462712051,0.09342410376458968
0.11554159391959631,0.0495092296883658,0.13153595116085484,0.09007036894885406,0.5387450447377244,0.07459781154460235
0.18637865378727408,0.0465357239506733,0.21115021031012926,0.13546663267564155,0.35863718886961216,0.061831590406668684
0.34674786759237136,0.041610910261963806,0.322142457808577,0.11684563681232764,0.10830304824917117,0.06435007927558561
0.23312935484987485,0.06620799717382869,0.30828577878117475,0.1411122577920306,0.111011073310767,0.14025353809232427
0.13290392484256452,0.09964610911706724,0.17897860248567618,0.18943536563840652,0.3085109872971309,0.09052501061915373
0.11003531169735907,0.027290399425659702,0.28497702928901175,0.06751525207775384,0.4654674731182129,0.04471453439199945
0.10463019492901618,0.09126652929164586,0.17187777531905024,0.14897351419384092,0.38974054072386954,0.09351144554257575
0.11584384213503107,0.04973901291771799,0.1310157819836259,0.08974361836814294,0.5390017392450794,0.07465600535040501
0.18695742411852062,0.04676673462686915,0.2104034527256263,0.13502307735670277,0.358946521250085,0.0619027899221942
0.3478682165703053,0.041816833208022264,0.3210568510719942,0.11645400757812288,0.10839002590241929,0.06441406566913545
0.23392083683577328,0.06655953923554125,0.3072679512777667,0.14067952077993143,0.1111335189255493,0.14043863294543865
0.1333353769996957,0.1001457909164338,0.17832624134425587,0.18877838238147834,0.3087970819181986,0.0906171264399376
0.11041223270486909,0.0274321196502974,0.2840504158224766,0.06729857455626069,0.46603351797709475,0.04477313928900177
0.10493584389937141,0.09171081547883647,0.1712388652937869,0.14846975102306056,0.390046396916074,0.09359832738886971
0.11614652713524998,0.04996968469131228,0.13049689629304906,0.08941786870520807,0.5392551136801871,0.07471390949499096
0.18753683762464152,0.04699864360165641,0.20965759478451276,0.13458034928278192,0.3592528641158574,0.06197371059054952
0.34898904569449596,0.04202343355056169,0.3199714224974823,0.11606276625859555,0.10847577696461172,0.06447755503425498
0.23471283815994504,0.06691241728407374,0.306250141824739,0.14024705168003299,0.11125479190516342,0.14062275914604686
0.1337670954600466,0.1006472371376165,0.17767442514729648,0.18812244183138496,0.309080162094088,0.09070863832957093
0.11078986927483994,0.027574478738555806,0.28312489798698837,0.0670823909896887,0.46659672895350385,0.04483163405642564
0.10524170861732138,0.09215676564170142,0.1706009047956824,0.14796696538436907,0.3903489079828747,0.09368474757805226
0.11644964800612088,0.05020124771320025,0.12997929546835132,0.08909311785312192,0.5395051676601492,0.07477152329905676
0.18811688846118266,0.04723145313952026,0.20891264598575285,0.13413844990217078,0.3595562113103848,0.06204435120098469
0.3501103331096633,0.04223071131344623,0.3188861944626971,0.11567191753752658,0.1085602982515048,0.06454054532516171
0.23550534280115293,0.0672666324846661,0.3052323710321156,0.13981485530517176,0.11137488754188912,0.1408059108350042
0.1341990726856165,0.10115044922647883,0.17702316540504456,0.18746754869606325,0.3093602198983987,0.09079954408839669
0.11116822006724579,0.027717479120946843,0.2822004849509912,0.06686670150784182,0.46715709628308655,0.04489001806988819
0.10554778505222204,0.09260438318822907,0.16996390108818568,0.14746515913840638,0.39064806714570016,0.09377070438725797
0.11675320381666018,0.05043370469338391,0.1294629808573009,0.08876936371040277,0.5397519008363428,0.07482884608590785
0.18869757074871296,0.047465165507227396,0.20816861578129026,0.1336973806574094,0.3598565567608674,0.06211471054449122
0.35123205689705755,0.04243866651236936,0.3178011893395033,0.11528146609950225,0.10864358663646125,0.06460303451510847
0.23629833466770436,0.06762218598173442,0.3042146595146257,0.13938293648296585,0.11149380117589876,0.1409880821770699
0.13463130110447166,0.10165542860416588,0.17637247358405103,0.18681370767080105,0.30963724750738664,0.09088984152912338
0.11154728372678488,0.027861123235934378,0.2812771858386522,0.06665150623548874,0.4677146102582221,0.04494829070492044
0.1058540691503693,0.09305367151914265,0.16932786139193504,0.14696433412974133,0.3909438677125807,0.09385619609622897
0.11705719361896125,0.05066705834782032,0.12894795377638568,0.0884466041808848,0.5399953128944811,0.07488587718146815
0.18927887857288356,0.04769978297385028,0.20742551357582542,0.133257142985122,0.3601538944784773,0.06218478741384171
0.35235419507578974,0.042647299154985774,0.3167164294923952,0.11489141662948525,0.10872563905077738,0.06466502059656565
0.23709179759830407,0.06797907889893552,0.30319702789035374,0.1389513000553375,0.11161152819568976,0.14116926736137755
0.135063773111004,0.10216217666710194,0.17572236110671566,0.18616092343781612,0.3099112372004255,0.09097952847693958
0.11192705888281392,0.028005413529956356,0.2803550097296621,0.0664368052923283,0.4682692612282609,0.04500645133697803
0.10616055683503425,0.09350463402782554,0.1686927928846123,0.14646449218678367,0.3912363030783735,0.09394122098737022
0.11736161644811736,0.05090131139842439,0.1284342155109866,0.08812483717358391,0.5402354035546093,0.07494261591427724
0.18986080598449329,0.04793530781079417,0.2066833487266095,0.1328177383158525,0.3604482185586201,0.06225458060363088
0.3534767256041952,0.042856609241049816,0.31563193727693173,0.11450177381239099,0.10880645248402263,0.06472650158141173
0.23788571536291342,0.0683373123392345,0.302179496779407,0.1385199508780297,0.11172806403851354,0.14134946060190373
0.13549648106620324,0.10267069478699065,0.17507283935084472,0.18550920066584223,0.310182181360481,0.09106860276963583
0.11230754414928315,0.02815035245744565,0.27943396565906403,0.06622259879295787,0.4688210395998014,0.045064499341450466
0.10646724400649944,0.09395727410025446,0.16805870270079992,0.14596563512168836,0.39152536672496024,0.09402577734579763
0.11766647132214955,0.05113646657307174,0.12792176731555416,0.08780406060257379,0.540472172571156,0.07499906161549713
0.19044334699955864,0.04817174229182453,0.20594213054323002,0.13237916807390648,0.3607395231811631,0.062324088910315135
0.35459962638118026,0.04306659676255039,0.31454773503814,0.11411254233265757,0.10888602398435507,0.0647874755011152
0.23868007166360955,0.06869688738497329,0.30116208680255735,0.13808889382012915,0.11184340419079679,0.14152865613793242
0.13592941729792798,0.10318098431082137,0.17442391964921672,0.184858544009728,0.31045007247457895,0.09115706225772298
0.1126887381246673,0.028295942480851623,0.2785140626170511,0.06600888684683891,0.4693699358369191,0.045122434093669714
0.10677412654209498,0.09441159511492529,0.16742559793184358,0.1454677647302718,0.3918110522214685,0.09410986345939527
0.11797175724192911,0.05137252660559976,0.12741061041377783,0.0874842723868542,0.5407056197329275,0.07505521361891244
0.19102649559937512,0.04840908869309383,0.20520186828740794,0.13194143367719324,0.361027802610677,0.06239331113225545
0.3557228752476,0.04327726170385377,0.3134638451089586,0.11372372687382552,0.10896435065884352,0.06484794040692045
0.23947485013548028,0.06905780509794726,0.30014481857989384,0.13765813376358538,0.11195754418856688,0.14170684823452517
0.13636257410117802,0.10369304656087101,0.17377561328913396,0.18420895811002694,0.31071490313424527,0.09124490480454618
0.1130706393919044,0.028442186070661686,0.277595309548803,0.0657956695582665,0.4699159404614421,0.0451802549689215
0.10708120029623823,0.09486760044278238,0.16679348562571275,0.14497088279192175,0.39209335322447514,0.094193477618867
0.11827747319110644,0.05160949423581144,0.12690074599875945,0.08716547045023114,0.540935744863156,0.07511107126093632
0.19161024573058422,0.048647349293168496,0.20446257117277755,0.13150453653706423,0.36131305119665147,0.062462246069755735
0.3568464499876166,0.04348860404184305,0.31238028980863414,0.11333533211810576,0.10904142967377618,0.06490789437002566
0.24027003434748945,0.06942006651948004,0.29912771272945965,0.13722767560272722,0.11207047961786162,0.14188403118298135
0.13679594373836704,0.10420688283470907,0.17312793151198552,0.18356044759258852,0.31097666603595037,0.09133212828640011
0.11345324651832092,0.028589085705421728,0.27667771535428837,0.06558294702633738,0.4704590440531765,0.045237961342453996
0.1073884611004733,0.09532529344714812,0.16616237278686388,0.14447499106951675,0.39237226347820536,0.09427661811779345
0.1185836181360316,0.05184737220947407,0.12639217523318294,0.08684765272119285,0.5411625478195053,0.07516663388061282
0.19219459130524996,0.04888652637305931,0.20372424836469363,0.13106847805815983,0.3615952633737309,0.06253089252510542
0.35797032833009745,0.0437006237460644,0.31129709144114875,0.11294736274595961,0.10911725825496563,0.06496733548176313
0.24106560780337802,0.0697836726705061,0.29811078986589273,0.13679752424378003,0.11218220611514083,0.14206019930130537
0.13722951843960476,0.10472249440521109,0.1724808855128175,0.18291301706816865,0.3112353539815501,0.09141873059264766
0.11383655805556789,0.028736643871757905,0.275761288888099,0.06537071934492174,0.470999237250162,0.04529555258948853
0.10769590476350795,0.09578467748364893,0.16553226637610458,0.14398009130933645,0.3926477768147211,0.09435928325268071
0.11889019102568114,0.052086163278323376,0.12588489924948315,0.0865308171327912,0.5413860284940999,0.07522190081962088
0.19277952620092198,0.04912662221624888,0.20298690898002011,0.13063325963825745,0.36187443366193073,0.06259924930262123
0.3590944879499857,0.04391332077887368,0.31021427229363646,0.11255982343567325,0.10919183368804875,0.06502626185378022
0.24186155394255807,0.07014862455165227,0.2970940705990526,0.1363676846043812,0.11229271936769021,0.14223534693466394
0.1376632904029749,0.10523988252056678,0.17183448643989305,0.18226667113202774,0.3114909598787061,0.09150470962583215
0.11422057253954886,0.028884863064397564,0.274846038959267,0.065158986602632,0.47153651074892344,0.04535302808522904
0.10800352707126025,0.09624575590014735,0.1649031733104621,0.14348618524098894,0.39291988715411835,0.09444147132302165
0.11919719079158374,0.052325870200062095,0.12537891915001362,0.08621496162252332,0.5416061868135382,0.0752768714222789
0.19336504426070805,0.049367639108720406,0.20225056208692885,0.13019888266811225,0.3621505566668446,0.06266731520868685
0.3602189064697032,0.044126695095583486,0.3091318546347925,0.1121727188629325,0.10926515331877891,0.06508467161821098
0.24265785614102825,0.07051492314332869,0.29607757553266334,0.13593816161310035,0.11240201511402458,0.1424094684558533
0.13809725179481702,0.10575904840429234,0.17118874539426396,0.18162141436353785,0.3117434767412969,0.09159006330178958
0.1146052884903514,0.029033745786190054,0.2739319743310975,0.0649477488827955,0.47207085530469417,0.04541038720487212
0.10831132378689659,0.09670853203666553,0.1642751004630514,0.1429932745773271,0.3931885885047128,0.09452318063134613
0.1195046163477411,0.05256649573836042,0.12487423600721101,0.08590008413221736,0.5418230227389207,0.07533154503554815
0.19395113929334581,0.04960957933898879,0.2015152167046991,0.1297653485313122,0.3624236270798562,0.06273508905179655
0.3613435614605443,0.0443407466446152,0.30804986071328494,0.11178605370039969,0.10933721455330968,0.0651425629278519
0.24345449771228087,0.07088256940581604,0.2950613252629237,0.13550896020894837,0.1125100891442795,0.14258255826575084
0.13853139475001294,0.1062799932552463,0.1705436734293442,0.1809772513257954,0.3119928976898334,0.09167478954976419
0.11499070441217472,0.029183294548128347,0.2730191037209914,0.06473700626342681,0.4726022617316596,0.04546762932361748
0.10861929065087667,0.0971730092253168,0.16364805466294674,0.14250136101437175,0.3934538749632103,0.09460440948327861
0.11981246659055571,0.052808042662857074,0.12437085086376534,0.08558618260791893,0.5420365362658635,0.0753859210090387
0.19453780507328186,0.04985244519813057,0.20078088180352,0.12933265860412452,0.36269363967834883,0.0628025696425957
0.36246843044408084,0.04455547536765038,0.306968312756169,0.11139983261729144,0.10940801485847516,0.06519993395633324
0.2442514619082273,0.07125156427936039,0.2940453403771394,0.1350800853408939,0.11261693730060221,0.14275461079377716
0.13896571137227048,0.10680271824764587,0.169899281550478,0.18033418656523126,0.3122392159518543,0.091758886312518
0.1153768187932595,0.029333511869368955,0.2721074358002812,0.06452675881720157,0.47313072090320923,0.045524753816678434
0.10892742338099977,0.09763919079023181,0.16302204269504897,0.14201044623123957,0.39371574071488985,0.09468515618759155
0.12012074039875426,0.05305051374915731,0.12386876473277847,0.0852732549997789,0.5422467274245152,0.07543999869501446
0.19512503534073647,0.050096238979813454,0.20004756630429116,0.12890081425534874,0.3629605893258862,0.06286975579392332
0.36359349089358495,0.04477088119978842,0.30588723296730863,0.11101406027895924,0.10947755176206625,0.06525678289829245
0.2450487319201258,0.07162190868427178,0.29302964145233784,0.13465154196737847,0.1127225554775375,0.14292562049834812
0.13940019373441626,0.10732722453108384,0.169255580714521,0.17969222461122852,0.31248242486230826,0.09184235154644226
0.1157636301058139,0.02948440027725374,0.27119697919406055,0.06431700661142943,0.4736562237521529,0.04558176005929121
0.10923571767244698,0.09810708004748761,0.16239707129996575,0.14152053189006697,0.3939741800337701,0.09476541905626372
0.12042943663330918,0.053293911778832546,0.12336797859793162,0.08496129926194654,0.5424535962795857,0.07549377744839617
0.19571282380178762,0.05034096298032876,0.19931527907842866,0.1284698168461714,0.3632244709724285,0.06293664632085468
0.36471872023543717,0.04498696406969992,0.3048066435257728,0.11062874134646371,0.10954582285309096,0.0653131079695381
0.2458462908795199,0.07199360352102391,0.29201424905388984,0.13422333505582926,0.1128269396224049,0.14309558186733123
0.13983483387868287,0.10785351323055209,0.16861258182941502,0.17905136997574156,0.3127225178639407,0.09192518322166846
0.11615113680594112,0.029635962307329438,0.27028774248102133,0.06410774970802868,0.47417876127095043,0.04563864742672611
0.10954416919783071,0.09857668030503235,0.16177314717388547,0.14103161963594202,0.3942291872827788,0.09484519640453466
0.12073855413736477,0.053538239539419594,0.12286849341364435,0.08465031335246177,0.5426571429303443,0.07554725662676887
0.19630116412844315,0.05058661949862325,0.19858402894767405,0.1280396677300184,0.36348527965449934,0.0630032400407423
0.36584409585054245,0.04520372389978806,0.3037265665842536,0.1102438804761586,0.10961282578203828,0.06536890740721871
0.24664412185918266,0.07236664967035848,0.29099918373411626,0.1337954695821709,0.11293008573567632,0.14326448941849682
0.1402696238170068,0.108381585446461,0.16797029575377226,0.17841162715292191,0.3129594885076651,0.09200737932217533
0.11653933733356524,0.029788200503370728,0.26937973419329647,0.06389898816350446,0.474698324511964,0.04569541529429878
0.10985277360724106,0.09904799486261659,0.16115027696844939,0.1405437110968297,0.39448075691390505,0.09492448655096104
0.12104809173616109,0.05378349982441739,0.1223703101052374,0.0843402952331493,0.5428573675106511,0.07560043559038719
0.19689004995871962,0.0508332108363298,0.19785382468389606,0.12761036825241284,0.36374301049537877,0.06306953577325938
0.36696959507577537,0.045421160606349854,0.3026470242674892,0.1098594823192676,0.10967855826113097,0.06542417946998705
0.24744220787406399,0.07274104799339177,0.2899844660309003,0.13336795053033873,0.11303198987133958,0.14343233769996558
0.14070455553131864,0.10891144225466665,0.1673287332964577,0.17777300061874174,0.31319333045291753,0.09208893784590054
0.11692823011235721,0.029941117417398078,0.26847296281629046,0.06369072202892256,0.475214904587653,0.045752063037379116
0.11016152652829507,0.09952102701171638,0.16052846729064096,0.14005680788351302,0.3947288834683626,0.09500328781747379
0.12135804823695484,0.054029695433286375,0.12187342956909167,0.08403124286951698,0.5430542701889672,0.07565331370218031
0.1974794748967225,0.0510807392978022,0.1971246750089113,0.1271819197508361,0.363997658705286,0.06313553234044328
0.36809519520540274,0.045639274099736934,0.3015680386706598,0.10947555152146918,0.10974301806456868,0.06547892243816177
0.24824053188225143,0.0731167993317259,0.2889701164663026,0.13294078289179118,0.11313264813726803,0.14359912129066077
0.14113962097384464,0.10944308470649436,0.166687905216176,0.17713549483062557,0.31342403746801434,0.09216985680484431
0.1173178135496579,0.030094715609700253,0.267567436788528,0.0634829513498876,0.47572849267082434,0.045808590031402766
0.11047042356618714,0.09999578003546387,0.1599077247026586,0.1395709115895188,0.3949735615767349,0.09508159852943679
0.12166842242894826,0.05427682917144568,0.12137785267280589,0.08372315423065642,0.5432478511683806,0.07570589032775948
0.19806943251272222,0.05132920719014548,0.19639658859428488,0.12675432355458036,0.3642492195815325,0.06320122856673586
0.36922087349252286,0.04585806428452329,0.30048963185781574,0.10909209272247916,0.10980620302877132,0.06553313461388798
0.24903907678593243,0.07349390450756275,0.28795615554516146,0.13251397166502166,0.11323205669557362,0.1437648348007494
0.14157481206740546,0.1099765138287693,0.16604782222106063,0.17649911422708459,0.3136516034305005,0.09225013422517955
0.11770808603640141,0.030248997648853786,0.26666316450149935,0.06327567616652179,0.4762390799948398,0.04586499565188201
0.11077946030373931,0.10047225720857224,0.15928805572180357,0.13908602379106155,0.39521478595912524,0.09515941701569995
0.12197921308320638,0.054524903850268876,0.12088358025535827,0.0834160272891412,0.5434381106866026,0.07575816483542314
0.19865991634323688,0.05157861682325268,0.19566957406115457,0.12632758098461724,0.3644976885087095,0.06326662327902868
0.37034660715050816,0.04607753105967061,0.2994118258602845,0.10870911055563141,0.109868111052609,0.06558681432129539
0.24983782543236263,0.0738723643238204,0.2869426037536959,0.13208752185507014,0.11333021176296076,0.1439294728720885
0.1420101207057168,0.1105117306238443,0.1654084949682666,0.1758638632273504,0.31387602232746836,0.09232976814735434
0.1180990459470415,0.030403966111744493,0.2657601542995053,0.06306889651344388,0.47674665785384845,0.04592127927441608
0.11108863230145245,0.1009504617972623,0.1586694668203623,0.13860214604697216,0.3954525514252896,0.09523674160866066
0.12229041895258527,0.05477392228708102,0.12039061312725707,0.08310986002093068,0.5436250490159792,0.07581013659616434
0.19925091989111968,0.051828970509836376,0.19494363998004213,0.12590169335345636,0.3647430609588398,0.06333171530670513
0.3714723733544616,0.0462976743186984,0.29833464267509197,0.10832660964746499,0.10992874009762958,0.06563995990665415
0.2506367606148503,0.07425217956425519,0.28592948155811776,0.13166143847303677,0.1134271096110743,0.1440930301786678
0.14244553875369276,0.11104873606963289,0.16476993406356444,0.17522974623101636,0.3140972882558954,0.09240875662619874
0.11849069163946956,0.03055962358358642,0.2648584144795045,0.06286261241974733,0.4772512176029881,0.04597744027470287
0.1113979350975628,0.10143039705919012,0.15805196442549493,0.1381192798986492,0.3956868528747822,0.09531357064431976
0.12260203877165159,0.05502388730515553,0.11989895207070107,0.08280465040527692,0.5438086664635337,0.07586180498367665
0.19984243662563228,0.052080270565465006,0.19421879487067098,0.1254766619650119,0.36498533249153775,0.06339650348168407
0.3725981492426548,0.04651849394985388,0.29725810426337756,0.10794459461730993,0.10998808818827518,0.06569256973852995
0.2514358650737289,0.07463335099358205,0.2849168094032219,0.13123572653558818,0.11352274656683675,0.144255501427044
0.14288105804775306,0.11158753111964421,0.16413215006093862,0.1745967676176837,0.3143153954229521,0.09248709773102774
0.11888302145493744,0.03071597265794363,0.26395795329097077,0.06265682390898349,0.4777527506586159,0.04603347802854871
0.11170736420809207,0.10191206624337197,0.1574355549191234,0.13763742686999203,0.39591768529707977,0.09538990246233986
0.1229140712566096,0.05527480173370915,0.11940859783973405,0.08250039642463165,0.5439889633709512,0.0759131693743642
0.20043445998253512,0.052332519308595636,0.19349504720178792,0.12505248811446543,0.3652244987541558,0.06346098663846246
0.3737239119179914,0.046739989836285877,0.2961822325488183,0.10756307007687307,0.11004615341209642,0.06574464220793347
0.2522351214973535,0.07501587935760491,0.2839046077109946,0.13081039106447648,0.11361711901278772,0.14441688135678274
0.1433166703961298,0.11212811670301681,0.16349515346219023,0.17396493174660488,0.31453033814631526,0.09256478954574325
0.1192760337179788,0.030873015936749047,0.26305877893574175,0.06245153099914015,0.47825124849851014,0.04608939191188005
0.11201691512690574,0.10239547259011218,0.15682024463782193,0.13715658846734635,0.39614504377171,0.09546573540610376
0.12322651510521944,0.055526668407897405,0.11891955116039432,0.08219709606455165,0.5441659401145946,0.07596422914734383
0.20102698336417,0.052585719060612726,0.1927724053909864,0.12462917308813784,0.3654605554819339,0.06352516361415944
0.3748496384494703,0.04696216185621991,0.29510704941604954,0.10718204062982949,0.11010293391995653,0.06579617572847264
0.25303451252309744,0.07539976538334585,0.28289289687921154,0.13038543708604453,0.11371022338740945,0.14457716474089038
0.14375236757917648,0.11267049372455766,0.16285895471653805,0.17333424295633665,0.31474211085445275,0.09264183016893755
0.11966972673632935,0.031030756030325957,0.2621608995678785,0.062246733702626296,0.4787467026620856,0.04614518130075533
0.11232658332576761,0.10288061933092678,0.15620603987270965,0.1366767661794516,0.39636892346837144,0.09554106782277287
0.12353936899672746,0.0557794901688089,0.11843181273087303,0.08189474731361478,0.5443395971055205,0.07601498368445832
0.20162000013954945,0.05283987214586125,0.19205087780452793,0.12420671816335505,0.3656934984981443,0.06358903324856074
0.37597530587364236,0.04718500988313365,0.294032576709087,0.10680151087140971,0.1101584279262281,0.06584716873649755
0.25383402073834616,0.07578500977917663,0.28188169728003354,0.12996086963074244,0.1138020561854547,0.1447363463862461
0.14418814134968058,0.11321466306477988,0.16222356422022757,0.17270470556439424,0.31495070808692277,0.09271821771399336
0.12006409880084215,0.031189195557406516,0.2612643232935202,0.062042432026252876,0.47923910475060466,0.04620084557137442
0.1126363642544003,0.10336750968847186,0.15559294686934466,0.1361979614773865,0.39658931964704947,0.09561589806334705
0.12385263159178073,0.05603326986346005,0.11794538322166095,0.08159334816332688,0.5445099347894932,0.07606543237028042
0.2022135036444401,0.05309498089168434,0.19133047275717097,0.12378512460831961,0.3659233237142225,0.06365259438416046
0.37710089119608126,0.047408533785937144,0.292958836229759,0.10642148538798973,0.11021263370898554,0.0658976196912476
0.2546336286815086,0.07617161323495798,0.280871029258608,0.12953669373263502,0.11389261395825892,0.14489442113403178
0.14462398343317515,0.11376062557994601,0.1615889923161416,0.1720763238669071,0.3151561244946479,0.09279395030918411
0.12045914818541124,0.03134833714515328,0.26036905817074996,0.061838625971217864,0.47972844642737345,0.04625638410009087
0.11294625334053972,0.10385614687646613,0.1549809718276214,0.1357201758145172,0.39680622765813134,0.09569022448272274
0.12416630153235837,0.056288010344789835,0.11746026327570278,0.08129289660804272,0.5446769536469867,0.07611557459212308
0.20280748718145258,0.05335104762846002,0.19061119851199634,0.12336439368198426,0.3661500271298983,0.06371584586620689
0.3782263713928506,0.047632733429151725,0.2918858497361302,0.10604196875668732,0.11026554961018652,0.06594752707499216
0.25543331884302867,0.0765595764221761,0.2798609131316641,0.12911291442891845,0.11398189331405613,0.1450513838601575
0.1450598855282548,0.11430838210210992,0.1609552492934122,0.17144910213828177,0.31535835484017266,0.09286902609777081
0.12085487314688552,0.03150818342917811,0.2594751122094575,0.06163531553309111,0.48021471941796223,0.04631179626342454
0.11325624598999916,0.10434653409961912,0.15437012090166863,0.1352434106264495,0.3970196429425103,0.09576404543975214
0.12448037744168759,0.05654371447165094,0.11697645350854532,0.08099339064487576,0.5448406541931922,0.07616540974004676
0.2034019440201323,0.05360807468963908,0.18989306328024042,0.12294452663392309,0.3663736048333219,0.06377878654274527
0.37935172341198486,0.04785760867309398,0.29081363894094364,0.10566296554495362,0.11031717403585097,0.06599688939317322
0.2562330736664038,0.07694889999408766,0.2788513691861112,0.12868953675943046,0.11406989091828175,0.14520722947568684
0.14549583930689203,0.11485793343916015,0.16032234538703952,0.17082304463086578,0.31555739399793903,0.09294344323810323
0.12125127192498586,0.03166873705356219,0.25858249337119876,0.06143250070179808,0.4806979155103875,0.04636708143806984
0.11356633758672754,0.10483867455355392,0.1537604001997486,0.13476766733097853,0.3972295610316886,0.09583735929730344
0.12479485792417329,0.05680038510880576,0.11649395450848812,0.08069482827362137,0.5450010369780418,0.07621493720687009
0.203996867397043,0.05386606441178124,0.18917607522112306,0.12252552470420808,0.3665940530011816,0.06384141526466293
0.3804769241749517,0.048083159374059076,0.289742225510051,0.10528448031016958,0.11036750545622745,0.06604570517454197
0.25703287554920523,0.07733958458586603,0.27784241767763795,0.12826656576616308,0.1141566034938729,0.14536195292725665
0.14593183641475932,0.11540928037487148,0.15969029077750982,0.17019815557461646,0.3157532369545263,0.09301719990371556
0.1216483427422218,0.0318300006708756,0.2576912095690681,0.06123018146160666,0.48117802655531666,0.046422239000909894
0.11387652349287031,0.10533257142473322,0.15315181578415904,0.13429294732804548,0.39743597754786864,0.0959101644223213
0.12510974156531576,0.05705802512691617,0.11601276683672787,0.08039720749667338,0.5451581025861929,0.0762641563881744
0.20459225051587002,0.054125019134596185,0.18846024244169043,0.12210738912328818,0.36681136789882307,0.06390373088573267
0.38160195057814467,0.048309385384506354,0.28867163106085425,0.10490651759924237,0.1104165424059569,0.066093972971295
0.25783270684410725,0.07773163081474843,0.27683407882930844,0.12784400649277688,0.11424202782156191,0.14551554919749812
0.14636786847154343,0.11596242366894857,0.15905909559042075,0.16957443917677475,0.31594587880889624,0.09309029428342165
0.12204608380380776,0.031991976942197645,0.2568012686675741,0.06102835779111519,0.48165504446628077,0.04647726832902764
0.11418679904883813,0.1058282278903836,0.1525443736711395,0.1338192519996907,0.39763888820406235,0.09598245918588626
0.12542502693163687,0.05731663740253745,0.1155328910275111,0.08010052631894772,0.5453118516370505,0.07631306668231848
0.20518808654749945,0.05438494120098011,0.18774557299664119,0.12169012111186366,0.36702554588035585,0.06396573226265802
0.3827267794943567,0.04853628655324865,0.2876018771607517,0.10452908194820677,0.11046428348422783,0.06614169135920925
0.25863254985991985,0.07812503928018906,0.27582637283016537,0.1274218639841137,0.11432616074016316,0.14566801330544776
0.14680392707127038,0.11651736405707491,0.15842876989610435,0.16895189962153193,0.31613531477260864,0.09316272458140823
0.12244449329757331,0.03215466853713517,0.25591267848249616,0.06082702966323812,0.48212896121984056,0.04653216879971552
0.11449715957336411,0.10632564711841971,0.1519380798307736,0.13334658271001418,0.39783828880415384,0.09605424196327458
0.12574071257060201,0.05757622481810885,0.11505432758827518,0.07980478274780373,0.5454622847847705,0.07636166749044357
0.20578436863012242,0.05464583295705592,0.18703207488817417,0.12127372188077072,0.3672365833887608,0.06402741825511726
0.3838513877742637,0.048763862725639616,0.2865329853255843,0.10415217788182107,0.11051072735492098,0.06618885893776891
