0,1,2,3,4,5
0.170645431290382,0.16751635833143189,0.1645267334278788,0.16256585869009466,0.16538567681292446,0.16935994144728933
0.1703909757041252,0.16746384031076217,0.16466408169941996,0.16282620880925786,0.16546592284915695,0.16918897062727653
0.1701365729867523,0.16741108544912756,0.16480133625640828,0.1630867637799578,0.16554637746297926,0.16901786406477573
0.16988222420275895,0.16735809384642092,0.1649384961234193,0.1633475228098577,0.16562704102144538,0.16884662199609482
0.16962793041335356,0.16730486560849853,0.1650755603247004,0.16360848510151826,0.16570791389292377,0.16867524465900688
0.16937369267644767,0.16725140084712475,0.1652125278842446,0.16386964985234007,0.16578899644710363,0.1685037322927392
0.16911951204666542,0.16719769967994158,0.16534939782587282,0.1641310162545255,0.1658702890550143,0.16833208513797931
0.1688653895753402,0.1671437622304217,0.16548616917330808,0.16439258349502447,0.16595179208903582,0.1681603034368689
0.16861132631051423,0.16708958862782572,0.16562284095025764,0.16465435075549015,0.16603350592290725,0.16798838743300745
0.16835732329693695,0.16703517900716086,0.16575941218048518,0.16491631721222794,0.16611543093174533,0.16781633737144497
0.1681033815760707,0.16698053350913916,0.16589588188789883,0.16517848203614902,0.16619756749205275,0.16764415349868808
0.16784950218608363,0.16692565228013573,0.1660322490966256,0.1654408443927243,0.16627991598173486,0.16747183606269683
0.16759568616185258,0.16687053547214328,0.16616851283108808,0.16570340344192924,0.16636247678010674,0.16729938531288058
0.16734193453496057,0.16681518324273378,0.16630467211608904,0.16596615833819983,0.1664452502679096,0.1671268015001044
0.1670882483336995,0.16675959575501617,0.16644072597689138,0.1662291082303834,0.1665282368273248,0.16695408487668242
0.1668346285830631,0.1667037731775905,0.1665766734392958,0.16649225226168674,0.1666114368419805,0.16678123569638315
0.16658107630474941,0.16664771568450726,0.1667125135297224,0.1667555895696298,0.1666948506969688,0.1666082542144241
0.16632759251715837,0.16659142345522723,0.16684824527529232,0.16701911928599372,0.16677847877885435,0.1664351406874753
0.1660741782353922,0.16653489667457583,0.16698386770390913,0.16728284053677095,0.16686232147569374,0.16626189537365932
0.1658208344712484,0.16647813553270363,0.16711937984433942,0.16754675244212025,0.16694637917703697,0.16608851853254913
0.16556756223322425,0.16642114022504395,0.1672547807262955,0.1678108541163104,0.1670306522739515,0.16591501042517473
0.1653143625265069,0.16636391095226571,0.16739006938051326,0.16807514466767276,0.16711514115902465,0.1657413713140125
0.16506123635298278,0.16630644792023813,0.16752524483884412,0.16833962319855197,0.16719984622638423,0.16556760146300023
0.16480818471121864,0.1662487513399812,0.16766030613432442,0.16860428880525388,0.16728476787170105,0.16539370113752308
0.16455520859647316,0.16619082142762845,0.16779525230126746,0.16886914057799413,0.1673699064922104,0.16521967060442547
0.1643023090006882,0.16613265840438318,0.16793008237534435,0.1691341776008544,0.16745526248672174,0.16504551013200924
0.1640494869124845,0.16607426249647395,0.1680647953936626,0.16939939895171946,0.16754083625562483,0.16487121999003002
0.163796743317164,0.16601563393511592,0.16819939039485834,0.16966480370223908,0.1676266282009127,0.16469680044970772
0.16354407919669692,0.165956772956462,0.16833386641916998,0.16993039091776793,0.16771263872618333,0.16452225178371607
0.1632914955297291,0.1658976798015662,0.16846822250852833,0.1701961596573185,0.16779886823665982,0.1643475742661962
0.16303899329156893,0.1658383547163385,0.16860245770663784,0.1704621089735082,0.1678853171391964,0.16417276817274853
0.1627865734541919,0.16577879795150177,0.1687365710590607,0.1707282379125094,0.16797198584229392,0.16399783378043942
0.1625342369862282,0.16571900976255052,0.1688705616133041,0.17099454551399948,0.16805887475611428,0.1638227713678039
0.1622819848529645,0.16565899040970394,0.1690044284188977,0.17126103081110278,0.16814598429248498,0.16364758121484138
0.16202981801633895,0.16559874015787235,0.1691381705274894,0.17152769283034927,0.16823331486492057,0.1634722636030275
0.161777737434933,0.16553825927660118,0.16927178699291864,0.1717945305916136,0.16832086688862818,0.16329681881530572
0.16152574406396844,0.16547754804003967,0.16940527687130624,0.17206154310806607,0.16840864078052104,0.1631212471360982
0.1612738388553069,0.16541660672689124,0.16953863922114215,0.1723287293861244,0.1684966369592334,0.16294554885130189
0.16102202275743763,0.1653554356203738,0.1696718731033669,0.17259608842539828,0.1685848558451288,0.16276972424829544
0.16077029671547702,0.16529403500817416,0.1698049775814588,0.17286361921863685,0.16867329786031493,0.16259377361593885
0.16051866167116138,0.1652324051824062,0.16993795172151666,0.17313132075167995,0.16876196342865601,0.1624176972445796
0.16026711856284265,0.16517054643956966,0.17007079459235389,0.1733991920034039,0.1688508529757815,0.16224149542604982
0.16001566832548206,0.16510845908050173,0.1702035052655705,0.17366723194566708,0.1689399669291028,0.16206516845367505
0.15976431189064527,0.16504614341033927,0.17033608281565366,0.17393543954326315,0.1690293057178242,0.16188871662227383
0.15951305018649398,0.16498359973847262,0.17046852632005283,0.17420381375386518,0.16911886977295063,0.16171214022816363
0.1592618841377828,0.16492082837850178,0.1706008348592726,0.1744723535279735,0.16920865952730757,0.1615354395691595
0.1590108146658513,0.1648578296481967,0.17073300751695694,0.17474105780886476,0.1692986754155488,0.16135861494458276
0.1587598426886171,0.1647946038694468,0.1708650433799739,0.17500992553253708,0.16938891787416532,0.1611816666552595
0.15850896912057172,0.16473115136822505,0.17099694153850528,0.17527895562766105,0.16947938734150586,0.16100459500352876
0.15825819487277287,0.16466747247454122,0.1711287010861322,0.1755481470155258,0.1695700842577852,0.16082740029324358
0.15800752085283454,0.16460356752239458,0.1712603211199198,0.17581749860998575,0.1696610090650927,0.16065008282977344
0.15775694796492526,0.164539436849738,0.17139180074050725,0.1760870093174093,0.16975216220741102,0.16047264292001184
0.15750647710975751,0.16447508079842582,0.1715231390521927,0.17635667803662397,0.16984354413062341,0.16029508087237568
0.15725610918458166,0.1644104997141765,0.17165433516302184,0.17662650365887025,0.1699351552825327,0.16011739699681668
0.15700584508317816,0.16434569394652623,0.17178538818487474,0.1768964850677419,0.17002699611286523,0.15993959160481558
0.15675568569584938,0.16428066384878248,0.17191629723355004,0.17716662113913484,0.17011906707328778,0.15976166500939384
0.1565056319094161,0.16421540977798518,0.17204706142885695,0.17743691074120116,0.1702113686174246,0.15958361752511768
0.1562556846072019,0.16414993209485657,0.1721776798946974,0.17770735273428678,0.17030390120085928,0.15940544946809565
0.1560058446690334,0.1640842311637646,0.17230815175916162,0.17797794597088737,0.17039666528115843,0.15922716115599259
0.155756112971226,0.16401830735267045,0.17243847615460414,0.17824868929559418,0.17048966131787596,0.1590487529080281
0.1555064903865815,0.16395216103308985,0.17256865221774179,0.17851958154503486,0.1705828897725718,0.15887022504498202
0.15525697778437197,0.16388579258004407,0.17269867908973235,0.1787906215478302,0.17067635110881826,0.1586915778892013
0.15500757603034132,0.16381920237202366,0.17282855591627155,0.17906180812453681,0.17077004579222207,0.15851281176460333
0.15475828598668862,0.16375239079093484,0.17295828184767134,0.17933314008759907,0.17086397429042624,0.1583339269966824
0.15450910851206032,0.16368535822205518,0.17308785603895085,0.17960461624128882,0.17095813707312985,0.15815492391251076
0.15426004446154923,0.16361810505400162,0.17321727764993142,0.17987623538166353,0.17105253461210346,0.15797580284074964
0.15401109468667407,0.1635506316786685,0.17334654584530979,0.18014799629650505,0.1711471673811932,0.1577965641116515
0.15376226003537902,0.1634829384911917,0.17347565979475632,0.1804198977652721,0.17124203585633851,0.15761720805706186
0.1535135413520213,0.1634150258899049,0.1736046186730006,0.18069193855905027,0.1713371405155889,0.15743773501043246
0.15326493947736283,0.1633468942762918,0.17373342165991723,0.1809641174404951,0.171432481839113,0.15725814530682042
0.1530164552485596,0.1632785440549389,0.17386206794061332,0.18123643316378166,0.17152806030920872,0.1570784392828959
0.15276808949915424,0.1632099756334975,0.17399055670551974,0.18150888447455718,0.17162387641032406,0.15689861727694882
0.15251984305906377,0.16314118942262798,0.17411888715047044,0.1817814701098803,0.17171993062906438,0.15671867962889194
0.15227171675457382,0.16307218583596572,0.17424705847680177,0.18205418879818014,0.17181622345420824,0.15653862668026913
0.15202371140832321,0.16300296529006741,0.17437506989143,0.18232703925919566,0.1719127553767216,0.15635845877426077
0.1517758278393022,0.16293352820437096,0.17450292060694197,0.18260002020393074,0.17200952688976864,0.15617817625568842
0.15152806686283266,0.1628638750011424,0.17463060984168338,0.18287313033459707,0.17210653848872665,0.1559977794710197
0.15128042929056656,0.16279400610543993,0.17475813681984606,0.18314636834456688,0.17220379067120048,0.15581726876837967
0.1510329159304702,0.16272392194506294,0.17488550077155454,0.183419732918322,0.17230128393703623,0.15563664449755218
0.15078552758681896,0.16265362295050587,0.17501270093295326,0.18369322273139987,0.1723990187883352,0.1554559070099879
0.1505382650601808,0.16258310955491206,0.17513973654629408,0.18396683645034315,0.1724969957294643,0.15527505665880678
0.15029112914741122,0.1625123821940306,0.1752666068600211,0.18424057273265246,0.1725952152670737,0.15509409379881264
0.1500441206416403,0.16244144130616678,0.17539331112886125,0.1845144302267281,0.17269367791011017,0.15491301878648975
0.14979724033226371,0.1623702873321406,0.17551984861391304,0.18478840757183132,0.172792384169833,0.15473183198001914
0.14955048900492826,0.16229892071523444,0.17564621858272256,0.1850625033980203,0.1728913345598216,0.15455053373927377
0.14930386744152552,0.16222734190115012,0.17577242030938292,0.18533671632610846,0.17299052959599634,0.1543691244258373
0.14905737642017897,0.1621555513379626,0.17589845307461283,0.18561104496761321,0.1730899697966299,0.15418760440300142
0.14881101671523397,0.16208354947607492,0.17602431616584843,0.1858854879247015,0.17318965568236486,0.1540059740357757
0.1485647890972459,0.1620113367681662,0.17615000887732388,0.18616004379014664,0.17328958777622255,0.1538242336908958
0.14831869433296882,0.1619389136691485,0.176275530510163,0.1864347111472708,0.1733897666036223,0.1536423837368262
0.14807273318534506,0.16186628063612407,0.17640088037246177,0.18670948856990308,0.17349019269239535,0.15346042454377373
0.147826906413495,0.1617934381283288,0.17652605777937624,0.18698437462232337,0.17359086657279585,0.15327835648368532
0.1475812147727028,0.16172038660709187,0.17665106205320735,0.18725936785921576,0.17369178877752195,0.15309617993026145
0.1473356590144103,0.16164712653579053,0.17677589252348794,0.18753446682562078,0.17379295984172666,0.1529138952589634
0.14709023988619993,0.16157365837979673,0.17690054852706802,0.18780967005688656,0.17389438030303356,0.1527315028470164
0.1468449581317862,0.161499982606433,0.17702502940819778,0.18808497607861294,0.173996050701552,0.15254900307341787
0.14659981449100606,0.16142609968492602,0.1771493345186172,0.18836038340661335,0.17409797157989285,0.15236639631894522
0.14635480969980277,0.16135201008635766,0.17727346321763676,0.18863589054685997,0.17420014348318175,0.15218368296616303
0.14610994449021736,0.1612777142836172,0.17739741487222493,0.18891149599543255,0.17430256695907806,0.15200086339942862
0.14586521959037785,0.16120321275135563,0.1775211888570945,0.18918719823848124,0.17440524255778905,0.151817938004901
