0,1,2,3,4,5
0.5389509178010436,0.03653411476430705,0.13784604605635062,0.07691965083856148,0.15414972714965994,0.05559954339007712
0.37729502987849844,0.0661762375382548,0.18724885627298654,0.11839086966003083,0.11433798288545602,0.13655102376477338
0.22740505731232413,0.08436041911969563,0.1334935716467008,0.139248020074436,0.3387118874049512,0.07678104444189233
0.2082490215971396,0.02851941006202749,0.14342695012205553,0.05712638852014326,0.5258731610780186,0.036805068620616985
0.196148794415812,0.0789772167455302,0.1498512977538974,0.12144167565387805,0.3691075753604744,0.08447344007040733
0.22079360912055163,0.04023093341070211,0.11142759656073166,0.054316057917609746,0.5179102815047867,0.055321521485619723
0.2734634440229963,0.040572560968846705,0.13740417762957505,0.09976289520277343,0.39684642848536145,0.05195049369044528
0.5395362882277313,0.03668628230785136,0.1376410692446775,0.07664198023766249,0.15390196368904024,0.055592416293038814
0.3777726298146402,0.06647494770043706,0.18698294648473282,0.11800438756229795,0.11418180703437104,0.1365832814035208
0.22781198230073593,0.08477307965093403,0.13336200904950135,0.1388196357004511,0.3384106122969074,0.07682268100147101
0.20867715418837166,0.02866675104802242,0.14333467770547786,0.05697094702375985,0.5255148694833879,0.03683560055098223
0.19649244933867,0.07936862295756314,0.1497113344231628,0.12110388276726912,0.3687923126820096,0.08453139783132681
0.22118954010210712,0.04042912786415208,0.11132414247599746,0.054159181806270267,0.5175255508109008,0.05537245694057613
0.27395099751427443,0.04077560681814194,0.13728456385909155,0.09948873905231469,0.396507598102571,0.051992494653606745
0.5401202929369159,0.036839028102436285,0.13743602813371245,0.07636543335524107,0.15365400102960955,0.055585216442085576
0.37824894348441196,0.0667748406044892,0.18671669561336846,0.11761911865493778,0.114025244825635,0.13661515681715955
0.22821833301886452,0.08518745554682476,0.1332299971181039,0.1383924586808148,0.33810764746806893,0.07686410816732325
0.20910557057578275,0.028814843506941364,0.1432421894739669,0.056816038062895376,0.525155224975504,0.036866133404912356
0.19683569681435814,0.07976174470928597,0.14957090767462292,0.12076704688842647,0.3684754095053446,0.08458919440796046
0.22158537014009372,0.04062826640129844,0.11122057062593256,0.054002853351609405,0.5171395642045541,0.05542337527651106
0.27443838063739906,0.04097960401767867,0.13716469574946605,0.09921543850082538,0.3961674246026008,0.05203445649202633
0.5407029300843049,0.03699235452324411,0.13723092464706252,0.07609000544730135,0.15340584157560275,0.05557794372248665
0.3787239661088991,0.06707592056450795,0.18645010682029345,0.11723505909142826,0.11386829838072202,0.13664664903414778
0.22862410361411623,0.0856035525551248,0.13309753749530712,0.13796648538792888,0.3378029961946258,0.07690532475289567
0.2095342680479665,0.0289636913358836,0.14314948585223305,0.056661659309717206,0.5247942286051765,0.03689666684902543
0.19717853201309388,0.08015658844228403,0.14943001892268667,0.12043116441278215,0.36815686791129165,0.08464682829786516
0.22198109656961917,0.040828353450386975,0.11111688171572277,0.053847070257605364,0.5167523220626501,0.05547427594401313
0.2749255897776196,0.041184556790402616,0.13704457429869943,0.09894299024641054,0.3958259103107323,0.05207637857613389
0.5412841978323807,0.037146263956337126,0.13702576068830571,0.07581569178907369,0.1531574877196626,0.0555705980142415
0.37919769291394473,0.06737819190817675,0.18618318324455568,0.11685220503945822,0.11371096981993477,0.13667775707393065
0.22902928822067284,0.08602137643402827,0.1329646318131576,0.13754171220414071,0.3374966617641549,0.07694632956384646
0.20996324388291843,0.02911329845237508,0.14305656725372154,0.05650780844802695,0.5244318814173174,0.03692720054564074
0.19752095009297838,0.08055316061258926,0.14928866956866302,0.12009623174743823,0.3678366899897328,0.08470429798859767
0.22237671672285303,0.04102939345881989,0.11101307644067748,0.05369183023711011,0.5163638247534452,0.0555251583870946
0.27541262130721594,0.041390469376109476,0.13692420049110277,0.0986713910010778,0.3954830575537812,0.05211826027071112
0.5418640943501063,0.03730075879869887,0.13682053814111764,0.07554248767500275,0.15290894184294765,0.05556317919212994
0.37967011912996584,0.0676816589767577,0.18591592800295026,0.11647055268088616,0.11355326126241792,0.13670847994702082
0.22943388095944336,0.08644093295207253,0.13283128169296507,0.13711813552176155,0.33718864747567684,0.07698712139808221
0.2103924953479045,0.029263668794468324,0.14296343408061712,0.05635448317319419,0.5240681844510413,0.03695773415277358
0.19786294619991965,0.08095146769057684,0.1491468610008028,0.11976224531119051,0.36751487783975273,0.08476160195775728
0.22277222792892795,0.04123139089320299,0.11090915548622526,0.05353713101181939,0.5159740726366496,0.05557602204317382
0.2758994715853313,0.041597346031485474,0.1368035752973393,0.09840063749070604,0.3951388686602309,0.05216010093490383
0.5424426178126159,0.037455841458273784,0.1366152588693944,0.07527038841873415,0.15266020631521954,0.05555568712576163
0.38014123999180227,0.06798632612509062,0.1856483441901336,0.11609009821170323,0.11339517482617593,0.13673881665509433
0.22983787593802443,0.08686222788804333,0.13269748874533255,0.13669575174309478,0.33687895663970696,0.07702769904579614
0.21082201969931239,0.02941480632083813,0.14287008672384366,0.05620168119208954,0.5237031387397866,0.03698826732412794
0.19820451546755002,0.0813515161608582,0.14900459459434554,0.11942920153453897,0.367191433569693,0.08481873867301891
0.22316762751382452,0.0414343502393943,0.11080511952790975,0.05338297031224361,0.5155830660635652,0.05562686634306201
0.27638613695780523,0.04180519103014674,0.1366826996744698,0.098130726455007,0.3947933459603385,0.052201899922232675
0.5430197664009345,0.03761151435400882,0.13640992471738156,0.07499938935310181,0.15241128349494243,0.05554812167963079
0.38061105073853785,0.06829219772158518,0.1853804348787319,0.11571083784199003,0.11323671262808807,0.13676876619106815
0.2302412672506576,0.0872852670308753,0.13256325457017637,0.13627455728046764,0.336567592578316,0.07706806128950701
0.21125181418250916,0.02956671501088157,0.14277652556306855,0.056049400223019075,0.5233367453114327,0.03701879970909136
0.19854565301714028,0.08175331252216993,0.14886187171155593,0.11909709685969981,0.3668663592972623,0.08487570659216992
0.2235629128002634,0.041638276002550594,0.11070096923138804,0.0532293458776802,0.5151908053771719,0.055677690710945846
0.27687261375698774,0.04201400866267752,0.13656157456599133,0.097861654647489,0.39444649178625124,0.05224365658060217
0.5435955383016575,0.037767779915892974,0.1362045375097975,0.07472948583010737,0.15216217572938048,0.05554048271316275
0.381079546613336,0.06859927814821394,0.1851122031194548,0.11533276779587656,0.11307787678392488,0.13679832753919594
0.2306440489781814,0.08771005617955148,0.13242858075675074,0.1358545485562423,0.3362545586251778,0.07710820690409638
0.21168187603169736,0.029719398864815238,0.14268275096670174,0.0558976379956563,0.5229690051884005,0.03704933095272837
0.19888635395752757,0.08215686328726741,0.14871869370178611,0.11876592774062594,0.36653965714964043,0.08493250416315154
0.22395808110759047,0.04184317270717239,0.11059670525242397,0.05307625545618147,0.5147972909122566,0.055728494564373135
0.2773588983015738,0.04222380323666931,0.1364402009018881,0.09759341883541968,0.3940983084721313,0.05228537025231446
0.5441699317066695,0.03792464058499874,0.13599909905196403,0.07446067322090809,0.15191288535469147,0.05553277008076933
0.38154672286326513,0.06890757180050784,0.1848436519412079,0.11495588431150078,0.11291866940836554,0.13682749967515326
0.23104621518799187,0.08813660114300122,0.13229346888367943,0.13543572200284573,0.3359398581256308,0.07714813465685039
0.21211220246977103,0.029872861903775135,0.1425887632919093,0.05574639225097902,0.5225999193877912,0.03707986069577541
0.19922661338502431,0.08256217498280667,0.14857506190150888,0.11843569064301115,0.366211329263557,0.08498912982409519
0.22435312975166224,0.04204904489715262,0.11049232823689052,0.05292369680452793,0.5144025229955278,0.055779277314238804
0.27784498689642556,0.04243457907675838,0.13631857959867602,0.09732601579979025,0.39374879835426885,0.05232704027407965
0.5447429448128247,0.038082098813521675,0.1357936111299337,0.07419294691579442,0.1516634146960271,0.055524983631899026
0.38201257473914246,0.06921708308754405,0.1845747843512053,0.11458018364096427,0.11275909261501225,0.13685628156613025
0.23144775993400485,0.08856490773999576,0.1321579205189799,0.13501807406278593,0.335623494436735,0.07718784330749877
0.21254279070815932,0.03002710816991445,0.14249456288460835,0.05559566074120171,0.5222294889214805,0.037110388574634556
0.19956642638334107,0.08296925414922862,0.14843097763437565,0.11810638204430297,0.36588137778539015,0.08504558200336261
0.22474805604472758,0.04225589713581905,0.1103878388207652,0.052771667688195106,0.5140065019457232,0.05583003836476878
0.27833087583239174,0.04264634052466254,0.13619671155944554,0.09705944233527322,0.3933979637711953,0.05236866597702619
0.5453145758216748,0.03824015706482118,0.13558807551061763,0.07392630232417136,0.15141376606762558,0.05551712321108806
0.3824770974953534,0.06952781643193985,0.1843056033350915,0.11420566205028865,0.11259914851640977,0.13688467217091888
0.23184867725660205,0.08899498179903964,0.13202193722009473,0.13460160118867373,0.33530547092733354,0.07722733160825533
0.21297363794668633,0.030182141726502725,0.14240015007947932,0.055445441229709166,0.5218577147962558,0.03714091422136751
0.19990578802350828,0.08337810734064366,0.14828644221126921,0.11777799843371564,0.3655498048712764,0.08510185911958716
0.22514285729530875,0.04246373400598142,0.11028323763013129,0.052620165881325405,0.5136092280737455,0.05588077711350575
0.27881656138614186,0.0428590919392199,0.13607459767391664,0.09679369525018695,0.3930458070638197,0.05241024668671552
0.5458848229391526,0.03839881781346183,0.1353824939419171,0.0736607348745378,0.15116394177291373,0.05550918865801533
0.38294028638967875,0.06983977626983877,0.18403611185705046,0.11383231581937144,0.11243883922405613,0.13691267044000432
0.23224896118260024,0.08942682915826532,0.13188552053392413,0.13418629984323954,0.33498579097810727,0.07726659830386198
0.21340474137340879,0.030337966658025187,0.14230552519996828,0.055295731490992935,0.5214845980139139,0.037171437263691376
0.20024469336378845,0.08378874112470654,0.1481414569303539,0.11745053631223593,0.3652166126872017,0.0851579595817128
0.2255375308080817,0.04267256010997468,0.11017852528117791,0.05246918916669682,0.5132107016827734,0.05593149295129613
0.27930203981997703,0.043072837696423324,0.135952238818481,0.09652877136645337,0.39269233057551745,0.05245178172315126
0.5464536843752822,0.038558083545251885,0.13517686815285132,0.0733962400144626,0.1509139441046002,0.05550117980755113
0.3834021366831389,0.0701529670509028,0.18376631285992945,0.11346014124194173,0.1122781668484272,0.13694027531566114
0.23264860572520646,0.08986045566531733,0.13174867199685608,0.13377216649935017,0.3346644579816432,0.07730564213162792
0.21383609816446922,0.03049458707028141,0.142210688558296,0.05514652931058466,0.5211101395713952,0.037201957324971086
0.20058313744960396,0.0842011620824957,0.14799602307713353,0.11712399219263017,0.3648818034091005,0.0852138817890372
0.22593207388375022,0.04288238006970259,0.11007370238019852,0.052318735335692444,0.5128109230683808,0.055982185262273866
0.27978730738165636,0.04328758218945698,0.13582963585625732,0.0962646675195581,0.39233753665228005,0.052493270400793206
0.5470211583438754,0.03871795675728558,0.13497119985368933,0.07313281321056107,0.1506637753447763,0.05549309648981232
0.3838626436398083,0.07046739323829652,0.1834962092653565,0.11308913462551172,0.11211713349898698,0.13696748573203832
0.23304760488397397,0.09029586717724165,0.13161139313479986,0.1333591976400242,0.33434147534248504,0.07734446182147414
0.21426770548394033,0.0306520070904859,0.14211564045546565,0.05499783248499161,0.5207343404608995,0.03723247402421697
0.20092111531344486,0.08461537680838518,0.14785014192450457,0.11679836259945352,0.3645453792229613,0.08526962413125415
0.22632648381892367,0.04309319852668194,0.10996876952359541,0.05216880218826949,0.5124098925186812,0.056032853423849005
0.2802723603042255,0.043503329828732444,0.1357067896371383,0.09600138055851316,0.39198142764281985,0.05253471202857065
0.5475872430622406,0.03887843995798174,0.1347654907360825,0.07287044994847085,0.15041343776500837,0.055484938530214675
0.3843218025266621,0.07078305930867697,0.1832258039738627,0.11271929229133185,0.11195574128420643,0.13699430061525922
0.2334459526447669,0.090733069560369,0.13147368546322796,0.13294738975844697,0.3340168464772138,0.07738305609597784
0.21469956048366212,0.030810230867366326,0.1420203811812705,0.05484963882163205,0.520357201669993,0.03726298697607636
0.20125862197479738,0.08503139190991674,0.1477038147328171,0.11647364406905264,0.3642073423249236,0.08532518498849372
0.22672075790599083,0.04330502014208445,0.10986372729787908,0.05201938753292729,0.5120076103144289,0.05608349680669261
0.2807571948058275,0.04372008504192276,0.1355837009978486,0.09573890734581134,0.3916240058986975,0.052576105909892375
0.5481519367508865,0.0390395356671254,0.13455974247319424,0.07260914573282506,0.15016293362644514,0.055476705749524395
0.38477960861338156,0.07109996975217604,0.1829550998650024,0.11235061057434542,0.11179399231158195,0.13702071888351114
0.23384364297971508,0.09117206869019574,0.13133555048719994,0.13253673935798158,0.3336905748144908,0.07742142367041424
0.2151316603030904,0.030969262571263364,0.14192491101430268,0.05470194613876854,0.5199787241817444,0.03729349579083044
0.20159565244006053,0.08544921400766843,0.14755704274993572,0.11614983314957278,0.36386769492139054,0.08538056273136936
0.22711489343298105,0.04351784959677814,0.1097585762796731,0.05187048918667737,0.5116040767291642,0.05613411477472338
0.28124180708952684,0.04393785227399723,0.13546037076199144,0.09547724475738655,0.39126527377443765,0.05261745134266262
0.5487152376332242,0.03920124641590668,0.1343539567198319,0.0723488960872242,0.14991226517990222,0.05546839796391263
0.38523605717221165,0.0714181290723879,0.18268409979747743,0.11198308582313572,0.11163188868765,0.13704673944714058
0.23424066984718103,0.09161287045126677,0.13119698970141752,0.1321272429521868,0.3333626637951423,0.07745956325280545
0.2155640020691298,0.031129106394231446,0.14182923022196461,0.05455475226544649,0.5195989089748386,0.037324000074388755
0.20193220170246823,0.08586884973512197,0.14740982721129797,0.11582692640096186,0.3635264392291307,0.0854357557210211
0.22750888768345107,0.04373169159137101,0.10965331703571747,0.05172210497501072,0.5111992920293505,0.05618470668509592
0.2817261933431296,0.04415663598725412,0.1353367997401025,0.09521638968257189,0.39090523362765045,0.05265874761929259
0.5492771439352662,0.03936357474696237,0.134148135112584,0.07208969655420858,0.14966143466597234,0.05546001498500811
0.3856911434777615,0.07173754178634868,0.18241280660925782,0.11161671439988137,0.1114694325180026,0.13707236120874824
0.23463702719171314,0.09205548073704621,0.1310580045902477,0.13171889706482087,0.3330331168722116,0.0774974735439603
0.21599658289597606,0.03128976655013743,0.14173333906047705,0.05440805504142724,0.519217757023696,0.037354499428283984
0.20226826474199855,0.0862903057385221,0.14726216933997696,0.11550492039496989,0.3631835774753734,0.0854907623091586
0.22790273793633536,0.04394655084624975,0.10954795012287225,0.05157423273186664,0.5107932564744894,0.05623527188818678
0.2822103497390051,0.044376440661354793,0.13521298872971171,0.09495633902405548,0.3905438878191602,0.052699994026714464
0.5498376538853447,0.03952652321441413,0.13394227926994834,0.07183154269522712,0.14941044431511583,0.05545155661995052
0.38614486280686167,0.07205821242452269,0.182141223117716,0.11125149268030644,0.11130662590731036,0.1370975830632856
0.2350327089440129,0.09249990544979943,0.13091859662777316,0.13131169822985417,0.3327019375110344,0.077535153237526
0.2164293998849499,0.03145124727476123,0.14163723777489318,0.054261852317125554,0.5188352692986006,0.03738499344966737
0.2026038365253087,0.08671358867674159,0.14711407034675125,0.11518381171515506,0.3628391118979349,0.0855455808381095
0.22829644146582162,0.04416243210162056,0.10944247608812127,0.051426870299600386,0.510385970317256,0.056285809727580606
0.28269427243389605,0.044597270793357055,0.13508893851539336,0.09469708969783971,0.3901812387131203,0.05274118984639554
0.550396765713803,0.03969009438391056,0.13373639079247057,0.07157443009060933,0.14915929634776287,0.0554430226714448
0.386597210438368,0.07238014553078098,0.18186935211974217,0.1108874170536286,0.11114347095933207,0.13712240389814634
0.23542770902089036,0.09294615050045982,0.13077876727783222,0.13090564299148208,0.332369129189301,0.07757260102003176
0.21686245012433045,0.031613552825895806,0.1415409265991081,0.05411614195354423,0.5184514467658149,0.03741548173130381
0.20293891200564507,0.08713870522113754,0.14696553143016106,0.1148635969568805,0.36249304474531413,0.08560020964086257
0.22868999554120606,0.044379340117549064,0.10933689546857993,0.05128001552895101,0.5099774338036527,0.056336319540060374
0.28317795756874736,0.04481913089774415,0.1349646498688232,0.09443863863319385,0.3898172886771414,0.0527823343543508
0.5509544776527089,0.03985429083266492,0.13353047126287526,0.07131835433952892,0.1489079929744065,0.05543441293781401
0.3870481816530119,0.07270334566238294,0.18159719639188063,0.11052448392251174,0.11097996977693816,0.13714682259327443
0.23582202132523586,0.09339422180850165,0.1306385179940608,0.13050072790412687,0.33203469539713426,0.07760981557093842
0.21729573068919078,0.03177668748344734,0.14144440575587447,0.053970921822211096,0.5180662903877121,0.03744596386156745
0.20327348612276702,0.0875656620554052,0.14681655377658873,0.11454427272731971,0.3621453782768,0.08565464704111853
0.2290833974267607,0.044597279673999575,0.10923120879150171,0.05113366627900989,0.5095676471731339,0.05638680065559426
0.2836614012685154,0.04504202550645972,0.13484012354883784,0.09418098277261355,0.3894520400824141,0.05282342682115931
0.5515107879355623,0.04001911514949748,0.13332452224620367,0.07106331105997542,0.1486565363957088,0.05542572721305377
0.3874977717332102,0.07302781738995354,0.18132475869045472,0.11016268970301253,0.11081612446212252,0.1371708380212476
0.23621563974597598,0.09384412530180668,0.13049785021993945,0.13009694953244655,0.33169863963714546,0.07764679556268507
0.21772923864122434,0.031940655549535325,0.14134767545680993,0.05382618980511585,0.5176798011228806,0.03747643942443628
0.20360755380286763,0.08799446587543398,0.14666713856031463,0.11422583564545125,0.36179611476259504,0.08570889135333562
0.22947664438159188,0.044816255570871856,0.1091254165742829,0.05098782041718667,0.5091566106587472,0.056437252397322966
0.2841445996419896,0.04526595916893595,0.1347153603014946,0.09392411907177373,0.3890854953038311,0.05286446651197587
0.5520656947969883,0.040184569934872724,0.13311854528994604,0.07080929588871576,0.14840492880259049,0.05541696528688576
0.3879459759629058,0.07335356529746326,0.18105204175169545,0.10980203082453013,0.11065193711602338,0.1371944490473845
0.23660855815803505,0.0942958669165279,0.13035676538883686,0.12969430445134233,0.33136096542452015,0.07768353966073757
0.21816297102857835,0.032105461348593135,0.14125073590241888,0.05368194379464582,0.5172919799262752,0.03750690799948906
0.20394110995849477,0.08842512338915264,0.14651728694359814,0.1139082823420588,0.36144525648391757,0.08576294088277671
0.22986973365949198,0.04503627262804038,0.10901951932447165,0.050842475819177904,0.5087443244872687,0.056487674081548235
0.284627548781604,0.04549093645212442,0.13459036086012774,0.0936680444994843,0.3887176567201109,0.05290545268654864
0.5526191964724634,0.04035065780094098,0.13291254192418203,0.0705563044812625,0.1481531723763346,0.05540812694481331
0.38839278962739254,0.07368059398220253,0.1807790482918729,0.10944250372975403,0.11048740983893836,0.13721765452983908
0.23700077042230555,0.09474945259695339,0.1302152649240588,0.12929278924596,0.3310216762870797,0.07772004652364027
0.21859692488567817,0.03227110922746842,0.14115358728210292,0.053538181693523076,0.5169028277493286,0.03753736916190018
0.20427414948847206,0.08885764131638059,0.14636700007674416,0.11359160945972963,0.3610928057331142,0.08581679392556225
0.23026266250880434,0.045257335685390455,0.10891351753977796,0.05069763036893437,0.5083307888793698,0.05653806501772311
0.2851102447632583,0.04571696194052605,0.1344651259454106,0.0934127560376449,0.38834852671392855,0.0529463845992312
0.5531712911980157,0.04051738137157719,0.13270651366171177,0.0703043325118353,0.14790126928868583,0.055399211968174114
0.3888382080131495,0.07400890805475996,0.18050578100743267,0.10908410487460891,0.11032254473034266,0.13724045331970444
0.2373922703856114,0.09520488829536664,0.13007335023889777,0.12889240051169734,0.33068077576536237,0.07775631480306507
0.2190310972330557,0.032437603555523505,0.1410562297741771,0.05339490141474194,0.5165123455400681,0.03756782248243517
0.20460666727781843,0.08929202638866739,0.14621627909817597,0.113275813652848,0.36073876481377504,0.08587044876871562
0.23065542817226195,0.04547944960285453,0.10880741170807984,0.050553281958627,0.507916004049738,0.05658842450843814
0.28559268364613105,0.04594404023621909,0.1343396562654202,0.09315825068119833,0.38797810767203256,0.052987261499000134
0.5537219772099201,0.04068474328242013,0.13250046199819737,0.07005337567332402,0.14764922170194197,0.05539022013419555
0.38928222640766386,0.0743385121389943,0.18023224257512233,0.10872683072820702,0.11015734388890684,0.1372628442611077
0.23778305188066579,0.09566217997190118,0.1299310227366802,0.12849313485420463,0.33033826741268546,0.07779234314386187
0.21946548507717173,0.03260494872473586,0.14095866354588396,0.053252100881505636,0.5161205342432534,0.03759826752744759
0.20493865819767643,0.08972828534913745,0.14606512513451514,0.11296089158759652,0.3603831360408565,0.08592390369021789
0.2310480278868573,0.045702619260447164,0.10870120230743564,0.050409428488614204,0.5074999702072328,0.056638751849413076
0.286074861472494,0.04617217595888766,0.13421395251569232,0.09290452543808492,0.38760640198537527,0.05302808262946898
0.5542712527444287,0.0408527461809128,0.132294388412298,0.06980342967725146,0.14739703176905983,0.05538115121604995
0.3897248400992533,0.07466941087200903,0.17995843565212594,0.10837067777278904,0.10999180941251153,0.1372848261913114
0.23817310872604808,0.0961213335943982,0.12978828381082178,0.12809498888938664,0.3299941547952352,0.07782813018411075
0.21990008541023662,0.03277314914979923,0.14086088875341718,0.0531097780271635,0.5157273948005078,0.037628703858874006
0.20527011710522877,0.0901664249523268,0.1459135393006549,0.11264683994194673,0.3600259217407893,0.08597715695905549
0.23144045888367262,0.04592684955830038,0.1085948898060939,0.05026606786740908,0.5070826875550367,0.05668904632948471
0.28655677426752163,0.046401373745848545,0.13408801537929313,0.09265157732919384,0.3872334120492399,0.05306884722890384
0.5548191160374607,0.04102139272634077,0.13208829436580546,0.0695544902537326,0.14714470163374868,0.05537200498290727
0.3901660443769145,0.0750016089041225,0.1796843628762041,0.10801564250367349,0.10982594339826776,0.13730639794081773
0.23856243472616134,0.096582355138256,0.12964513484487458,0.12769795924340363,0.3296484414921303,0.07786367455517448
0.22033489521003743,0.03294220926822319,0.1407629055419334,0.052967930795149866,0.5153329281504286,0.03765913103423035
0.2056010388436213,0.09060645196401755,0.14576152269983628,0.11233365540565496,0.3596671242515925,0.08603020683527503
0.23183271838774439,0.04615214541669769,0.10848847466250498,0.05012319801164623,0.5066641562908091,0.05673930723059737
0.2870384180391203,0.04663163825207902,0.13396184552687937,0.09239940338831917,0.3868591402633614,0.05310955453024018
0.5553655653243337,0.04119068558987254,0.1318821813037885,0.06930655315143693,0.14689223343057156,0.05536278119999379
0.3906058345301359,0.07533511089884125,0.17941002686582355,0.1076617214291982,0.10965974794253318,0.13732755833346696
0.238951023671205,0.09704525058628252,0.12950157721258745,0.12730204255267122,0.32930113109550496,0.0778989748817506
0.22076991143974545,0.033112133540434734,0.14066471404556927,0.052826557138920066,0.5149371352287205,0.03768954860660865
0.20593141824189296,0.09104837316107238,0.1456090764237321,0.11202133468025759,0.35930674592300876,0.08608305157003518
0.2322248036178923,0.04637851177610711,0.10838195732533103,0.04998081684604747,0.5062443766068332,0.05678953382779188
0.2875197887777242,0.04686297415024155,0.1338354436167625,0.09214800066210942,0.3864835890320651,0.053150203761098185
0.5559105988394489,0.04136062745459756,0.13167605065472354,0.06905961413754373,0.14663962928504196,0.055353479628643364
0.3910442058487359,0.07566992153282835,0.17913543022029804,0.10730891107067228,0.10949322514092696,0.1373483061865403
0.23933886933713636,0.09751002592853905,0.12935761227795528,0.12690723546386062,0.3289522272105829,0.07793402978192648
0.2212051310477469,0.033282926449878736,0.14056631438746844,0.05268565502188966,0.5145400169683434,0.03771995612467277
0.20626125011488916,0.09149219533126147,0.14545620155252575,0.11170987447906089,0.35894478911660505,0.08613568940565833
0.23261671178657548,0.046605953597212896,0.10827533823346244,0.049838922303388225,0.5058233486901672,0.056839725389196905
0.28800088245611694,0.04709538613070959,0.13370881029497628,0.09189736621002016,0.3861067607643775,0.05319079414379919
0.5564542148160152,0.041531221015565264,0.13146990383063903,0.06881366899770279,0.14638689131372085,0.05534410002635386
0.39148115362268154,0.07600604549587106,0.17886057551992227,0.10695720796231266,0.10932637708835181,0.13736864031086155
0.23972596548564873,0.09797668716218517,0.1292132413952791,0.12651353463389403,0.3286017334557603,0.07796883786723219
0.22164055096744886,0.0334545925031185,0.14046770667979364,0.052545222417373603,0.5141415742996096,0.0377503531326554
0.20659052926319452,0.09193792527308894,0.14530289915499048,0.11139927152713554,0.3585812562059028,0.08618811857568749
0.23300844009972768,0.04683447586094789,0.10816861781602706,0.04969751232446408,0.5054010727228155,0.05688988117601863
0.2884816950292448,0.04732887890159221,0.1335819461953449,0.09164749710426702,0.38572865787416927,0.053231324895382605
0.5569964114857686,0.041702468979825845,0.13126374222725085,0.06856871353598985,0.14613402162431832,0.055334642146843596
0.3919166731419354,0.07634348749084778,0.17858546532611244,0.10660660865119381,0.10915920587900578,0.13738855951090467
0.2401123058641313,0.09844524029132111,0.12906846590922383,0.1261209367299459,0.3282496534626803,0.07800339774269714
0.22207616811709563,0.03362713622993668,0.14036889102375252,0.05240525730852197,0.5137418081503389,0.03778073917035382
0.2069192504730523,0.0923855697956176,0.14514917028857988,0.11108952256130716,0.35821614957650216,0.08624033730493975
0.23339998575659696,0.047064083568524685,0.10806179649240914,0.04955658485805773,0.5049775488818775,0.056940000442532265
0.2889622224340249,0.0475634571887575,0.13345485193954937,0.09139839042977468,0.3853492827802723,0.05327179522762303
0.5575371870786708,0.041874374066466595,0.13105756722410664,0.06832474357486402,0.14588102231578806,0.055325105740106566
0.3923507596962706,0.07668225223369632,0.17831010218154772,0.10625710969718975,0.10899171360640537,0.1374080625848916
0.24049788420564355,0.09891569132682594,0.12892328715487425,0.1257294384294362,0.32789599087631716,0.07803770800690427
0.2225119793995847,0.03380056218343571,0.14026986750961568,0.05226575768826156,0.5133407194459774,0.03781111377312704
0.20724740851629453,0.09283513571828818,0.14499501599950734,0.11078062433014774,0.3578494716261981,0.08629234380956237
0.23379134594958734,0.04729478174146484,0.1079548746722606,0.04941613786090445,0.5045527773397102,0.056990082436072745
0.2894424605891619,0.04779912573585551,0.13332752813719564,0.09115004328413033,0.3849686379066142,0.053312204347046095
0.5580765398226171,0.04204693900665158,0.1308513801847184,0.06808175495512148,0.14562789547842536,0.05531549055246546
0.3927834085751083,0.07702234445337369,0.17803448861030427,0.10590870767291545,0.10882390236339735,0.13742714832489986
0.24088269422888528,0.09938804628619057,0.12877770645779746,0.12533903642002533,0.32754074935505434,0.07807176725204669
0.2229479817022712,0.03397487494013867,0.1401706362167408,0.05212672155923285,0.5129383091097234,0.037841476471892954
0.20757499815026229,0.09328662987073544,0.14484043732283675,0.11047257359396495,0.3574812247651136,0.08634413629708923
0.23418251786408495,0.04752657542162831,0.10784785275551674,0.0492761692976565,0.5041267582640865,0.057040126397025305
0.2899224053949517,0.04803588930434012,0.13319997538588568,0.09090245277753128,0.3845867256823453,0.05335255145494716
0.558614467943175,0.0422201665436613,0.13064518245670936,0.06783974353585151,0.14537464319397217,0.055305796326630866
0.3932146150673469,0.07736376889182477,0.17775862711800383,0.10556139916367498,0.1086557742421785,0.1374458155169698
0.24126672963816823,0.09986231119335603,0.12863172513410623,0.12494972739961382,0.32718393257076817,0.07810557406398724
0.2233841718967821,0.03415007910008983,0.14007119721359534,0.051988146933730016,0.5125345780626769,0.0378718267931249
0.2079020141177319,0.09374005909260234,0.14468543528256525,0.11016536712479111,0.35711141141581193,0.08639571296649715
0.23457349867830385,0.04775946967124141,0.10774073113241545,0.04913667714085237,0.5036994918183672,0.05709013155881851
0.29040205273310266,0.04827375267349213,0.1330721942712876,0.09065561603273808,0.38420354854197064,0.05339283574740842
0.5591509696632756,0.04239405943292961,0.13043897537195076,0.06759870519438861,0.1451212675357025,0.05529602280175431
0.39364437446119466,0.07770653030393974,0.17748252019194807,0.10521518076739882,0.10848733133431526,0.13746406294120322
0.24164998412338853,0.10033849207853855,0.12848534449051807,0.12456150807633076,0.32682554420891036,0.07813912702231239
0.22382054683882002,0.034326179286955874,0.1399715505577794,0.05185003183363986,0.512129527223955,0.037902164258848264
0.2082284511468513,0.0941954302333528,0.14453001089171816,0.10985900170637536,0.35674003401343785,0.08644707200826554
0.23496428556310645,0.04799346957292511,0.10763351018351096,0.04899765937087924,0.5032709781616626,0.0571400971479157
0.2908813984665414,0.048512720640436886,0.1329441853672077,0.09040953018502387,0.3838191089254719,0.05343305641531716
0.5596860432029294,0.04256862044208265,0.13023276024670336,0.06735863582626622,0.1448677705685302,0.05528616971348621
0.3940726820439939,0.07805063345751703,0.17720617030126837,0.1048700490945876,0.10831857573075507,0.13748188937187727
0.24203245135999882,0.10081659497805996,0.12833856582442063,0.12417437516852937,0.32646558796859804,0.07817242470039343
0.2242571033679736,0.03450318014812564,0.1398716962960523,0.05171237429038236,0.5117231575108288,0.037932488386637896
0.20855430395105318,0.09465275015207507,0.14437416515243975,0.10955347413416629,0.3563670950058351,0.08649821160443327
0.2353548756818375,0.04822858022971998,0.10752619027969317,0.048859113975940935,0.5028412174490018,0.05719002238380589
0.29136043843921705,0.048752798020166334,0.13281594923565987,0.09016419238212106,0.38343340927845126,0.05347321264438322
0.560219686778962,0.04274385235097752,0.13002653838175945,0.06711953134516843,0.14461415434910416,0.05527623679403044
0.3944995331020649,0.07839608313322177,0.1769295798970625,0.10452600076825677,0.10814950952184968,0.13749929357754434
0.24241412500898324,0.10129662593417126,0.12819139042393737,0.12378832540478056,0.3261040675626831,0.07820546566544642
0.22469383830751263,0.03468108635481095,0.1397716344643537,0.051575172344848604,0.5113154698388576,0.037962798689615974
0.20887956722899081,0.09511202571728818,0.14421789905607912,0.10924878121530412,0.35599259685367324,0.08654912992865949
0.23574526619015476,0.048464806765113784,0.10741877178220711,0.04872103895202263,0.5024102098315035,0.05723990647899898
0.291839168475923,0.04899398964555666,0.13268748642694336,0.08991959978417509,0.38304645205224014,0.053513303615157784
0.5607518986046998,0.04291975795173869,0.1298203110625792,0.06688138768287975,0.1443604209259029,0.05526622377219986
0.3949249229205253,0.07874288412454333,0.17665275141254538,0.10418303242387507,0.10798013479736829,0.13751627432114286
0.2427949987168312,0.10177859099487205,0.12804381956799404,0.12340335552386163,0.3257409867178507,0.0782382484785892
0.22513074846420122,0.0348599026021477,0.13967136508783357,0.051438424047342675,0.5109064651220282,0.0379930946764486
0.20920423566447105,0.0955732638067455,0.14406121358329405,0.10894491976860769,0.35561654203059523,0.08659982514628388
0.23613545423584895,0.0487021543230642,0.10731125504266896,0.0485834323028562,0.5019779554565443,0.05728974863901577
0.2923175843820991,0.049236300367386986,0.13255879747971291,0.08967574956369014,0.3826582397040582,0.05355332850305221
0.5612826768897096,0.04309634004879825,0.12961407955944074,0.06664420078923847,0.1441065723393348,0.05525613037347439
0.3953488467831332,0.07909104123775212,0.17637568726318686,0.10384114070930682,0.10781045364651613,0.1375328303601038
0.2431750661155166,0.10226249621373312,0.12789585452638677,0.12301946227475095,0.32537634917470776,0.07827077169490484
0.22556783062808955,0.03503963360929553,0.139570888180876,0.05130212745752038,0.5104961442728744,0.03802337585134313
0.20952830392637317,0.09603647130722658,0.14390410970413597,0.10864188662455594,0.355238933023324,0.08665029541438617
0.23652543695867154,0.048940628068023836,0.10720364040309098,0.0484462920398869,0.5015444544679427,0.05733954806238282
0.29279568194364053,0.04947973505435566,0.1324298829210528,0.08943263890547783,0.3822687746971165,0.0535932864783563
0.5618120198395219,0.04327360145893261,0.1294078451275749,0.06640796663208362,0.14385261062183635,0.05524595632005707
0.39577129997211413,0.07944055929185528,0.17609838984686507,0.10350032228475414,0.10764046815795249,0.13754896044645976
0.24355432082246853,0.10274834764970993,0.12774749655984804,0.12263664241661501,0.32501015868785976,0.07830303386350158
0.2260050815723199,0.03522028411953873,0.13947020374712865,0.05116628064433059,0.5100845082026345,0.038053641714047154
0.20985176666858377,0.09650165511433464,0.14374658837815135,0.10833967862527895,0.3548597723318019,0.08670053888184887
0.2369152114901533,0.04918023318496298,0.10709592819589718,0.04830961618223762,0.5011097070061225,0.05738930394062564
0.29327345692671275,0.04972429859309719,0.13230074326655872,0.08919026500660782,0.3818780595007642,0.05363317670625867
0.562339925655306,0.04345154501129852,0.12920160900730585,0.06617268119720329,0.14359853779796108,0.0552357013309266
0.3961922777679923,0.07979144311854981,0.17582086154400695,0.10316057382269646,0.10747018041980488,0.1375646633269499
0.2439327564405528,0.103236151366952,0.12759874692012005,0.12225489271879812,0.32464241902599944,0.07833503352757468
0.22644249805291963,0.035401858900385885,0.13936931177953046,0.05103088168595594,0.5096715578213622,0.03808389175984436
0.210174618529932,0.0969688221322881,0.14358865055447984,0.10803829262454105,0.3544790624693405,0.08675055368942002
0.23730477495342808,0.049420974879390275,0.10698811874394737,0.048173402756674706,0.5006737132083006,0.05743901545826193
0.29375090507755425,0.049969995888197304,0.13217137902040793,0.08894862507635481,0.38148609659062116,0.05367299834686448
0.5628663925336521,0.04363017354747398,0.1289953724242012,0.06593834048828713,0.14334435588448982,0.05522536512189986
0.396611775449433,0.08014369756217457,0.17554310471773935,0.10282189200783104,0.10729959251968968,0.13757993774313407
0.2443103665580544,0.10372591343462055,0.12744960685002635,0.12187420996081488,0.3242731339720111,0.07836676922447217
0.22688007680859823,0.035584362743670925,0.13926821226033861,0.05089592866975342,0.5092572940380838,0.038114125479553985
0.210496854134113,0.09743797927370666,0.1434302971719515,0.1077377254877264,0.3540968059627277,0.08680033796977694
0.237694124463044,0.0496628583773739,0.10688021236055754,0.04803764979757383,0.5002364732086556,0.057488681792795655
0.29422802212228955,0.050216831862207545,0.13204179067543817,0.08870771633614578,0.381092888448703,0.05371275055521727
0.5633914186662389,0.04380948992149226,0.12878913658920652,0.06570494052686829,0.1430900668905154,0.05521494740568313
0.3970297882930649,0.08049732747966094,0.1752651217140327,0.10248427353701463,0.10712870654472628,0.13759478243149834
0.24468714474864797,0.1042176399266863,0.12730007758354078,0.1214945909323337,0.3239023073230389,0.07839823948575379
0.2273178145605429,0.0357678004656522,0.13916690516116184,0.050761419692195026,0.5088417177609198,0.038144342359527655
0.21081846808962368,0.09790913345939603,0.14327152915918873,0.1074379740918206,0.3537130053523837,0.08684988984758889
0.23808325712478762,0.04990588892556259,0.10677220934952561,0.047902355346884355,0.49979798713852713,0.0575383021147121
0.2947048037667351,0.05046481145565727,0.13191197871322705,0.08846753601950792,0.38069843756355715,0.05375243248131641
0.5639150022395806,0.043989496999880674,0.1285829026987904,0.0654724773522726,0.14283567281754567,0.05520444789193195
0.39744631157333654,0.08085233774048449,0.1749869148618526,0.10214771511920155,0.10695752458155677,0.137609196123567
0.24506308457138376,0.104711336921738,0.12715016034586282,0.12111603243316607,0.3235299428905905,0.0784294428372583
0.22775570801220946,0.03595217690711321,0.13906539044298613,0.05062735285881009,0.5084248298972309,0.03817454188164831
0.21113945498969885,0.09838229161812755,0.14311234743470702,0.10713903532539855,0.3533276631924849,0.08689920743958347
0.23847217003549398,0.05015007179120373,0.10666411000515266,0.047767517454096464,0.49935825512658066,0.05758787558747236
0.2951812456962092,0.05071393962706881,0.1317819436041716,0.0882280813720163,0.38030274643039447,0.053792043270140234
0.5644371414347411,0.04417019766169766,0.12837667193508923,0.06524094702156695,0.14258117565959663,0.05519386628730517
0.39786134056232286,0.08120873322661014,0.17470848647330886,0.10181221347538626,0.10678604871635936,0.1376231775460132
0.24543817957067077,0.10520701050278268,0.12699985635349484,0.1207385312732549,0.32315604450062946,0.07846037779916894
0.22819375384911617,0.0361374969334625,0.13896366805621174,0.050493726284126676,0.5080066313537562,0.03820472352332851
0.21145980941223794,0.09885746068641756,0.1429527529070172,0.10684090608860451,0.35294078205110935,0.08694828885461113
0.2388608602828559,0.05039541226215921,0.10655591461226697,0.047633134176203996,0.49891727729900764,0.057637401367507606
0.2956573435753391,0.05096422135296672,0.1316516858075646,0.08798934965124082,0.3799058175512225,0.05383158206166364
0.5649578344270632,0.044351594798569406,0.12817044546604814,0.06501034560950057,0.14232657740329357,0.05518320229552531
0.3982748705295831,0.08156651883243957,0.1744298388438044,0.1014777653385391,0.10661428103486767,0.13763672542076744
0.24581242327625533,0.10570466675704168,0.12684916681431357,0.12036208427265825,0.3227806159936564,0.07849104288607708
0.2286319487386281,0.03632376543483191,0.13886173794067783,0.05036053809161226,0.5075871230367417,0.03823488675750725
0.21177952591974847,0.09933464760829933,0.1427927464747337,0.10654358329313623,0.3525523645103694,0.08699713219371318
0.2392493249452373,0.050641915646924884,0.10644762344624975,0.04749920357767089,0.4984750537796995,0.05768687860421542
0.2961330930478717,0.05121566162788965,0.13152120577168075,0.08775133812669375,0.3795076534349832,0.05387104799088195
0.5654770793858747,0.04453369131472557,0.12796422444556116,0.06478066920845219,0.14207188002795823,0.05517245561742993
