0,1,2,3,4,5
0.16740707645051509,0.17231610598602853,0.17093591698598715,0.1656853419471097,0.16059558438615204,0.1630599742442082
0.16731146999596005,0.17151707890646095,0.17033747924084064,0.16582875360559823,0.1614388374805322,0.1635663807706073
0.16721309242927868,0.17071964963183262,0.1697384702220118,0.1659703927905555,0.16228539632285252,0.16407299860346927
0.1671119444087961,0.16992382646390042,0.1691389067676948,0.16611024882981787,0.16313526240105647,0.16457981112873526
0.16700802675294335,0.16912961768912138,0.16853880572559657,0.1662483110671293,0.1639884370903716,0.16508680167483675
0.16690134044058805,0.1683370315779431,0.1679381839521665,0.16638456886357839,0.16484492165305267,0.16559395351267284
0.16679188661133265,0.16754607638407665,0.16733705831180226,0.16651901159904978,0.16570471723813887,0.1661012498555991
0.16667966656581307,0.16675676034376488,0.16673544567606657,0.16665162867367803,0.1665678248812395,0.1666086738594393
0.16656468176597428,0.16596909167503512,0.16613336292287179,0.1667824095092936,0.16743424550432567,0.1671162086225001
0.16644693383533088,0.16518307857694067,0.16553082693567284,0.1669113435508881,0.16830397991555762,0.16762383718561202
0.16632642455921087,0.16439872922879384,0.1649278546026381,0.1670384202680633,0.16917702880911853,0.16813154253217624
0.16620315588498702,0.16361605178938837,0.16432446281581922,0.16716362915649519,0.17005339276507694,0.16863930758823276
0.1660771299222838,0.1628350543962133,0.16372066847030495,0.16728695973939123,0.1709330722492684,0.16914711522253842
0.16594834894317442,0.16205574516465315,0.16311648846336668,0.16740840156895073,0.17181606761319576,0.16965494824665758
0.16581681538235868,0.16127813218718462,0.16251193969359906,0.16752794422782483,0.17270237909395453,0.17016278941507723
0.1656825318373182,0.1605022235325613,0.1619070390600471,0.16764557733057575,0.1735920068141773,0.17067062142532097
0.1655455010684619,0.15972802724498994,0.1613018034613207,0.16776129052513533,0.1744849507820013,0.17117842691808832
0.1654057259992486,0.15895555134330364,0.1606962497947106,0.16787507349426697,0.1753812108910643,0.1716861884774075
0.1652632097162876,0.15818480382011663,0.16009039495528224,0.16798691595701337,0.17628078692051014,0.17219388863079307
0.16511795546942923,0.15741579264098612,0.1594842558349706,0.16809680767015933,0.17718367853502975,0.17270150984942528
0.16496996667183272,0.15664852574355823,0.1588778493216632,0.16820473842967884,0.17808988528492406,0.17320903454834158
0.1648192469000098,0.1558830110367076,0.15827119229827097,0.16831069807218546,0.17899940660618494,0.17371644508663947
0.16466579989385588,0.1551192563996745,0.15766430164179454,0.16841467647637826,0.17991224182060725,0.17422372376768896
0.1645096295566602,0.15435726968119287,0.15705719422238013,0.16851666356448133,0.1808283901359199,0.17473085283936735
0.16435073995508914,0.15359705869861648,0.15644988690236697,0.16861664930368533,0.1817478506459463,0.17523781449429568
0.1641891353191647,0.15283863123703775,0.15584239653532897,0.16871462370757995,0.18267062233079293,0.17574459087009464
0.16402482004220365,0.1520819950484023,0.1552347399651037,0.16881057683758108,0.1835967040570536,0.17625116404965524
0.16385779868074973,0.15132715785061843,0.15462693402481778,0.16890449880435815,0.1845260945780519,0.17675751606140866
0.16368807595448068,0.15057412732666253,0.15401899553589957,0.1689963797692433,0.18545879253409833,0.17726362887961758
0.16351565674609359,0.14982291112368668,0.15341094130709132,0.16908620994565254,0.1863947964527906,0.17776948442468618
0.16334054610117066,0.14907351685211048,0.15280278813344558,0.16917397960048763,0.18733410474932435,0.17827506456346023
0.16316274922802212,0.1483259520847264,0.15219455279532085,0.1692596790555299,0.18827671572684226,0.17878035110956048
0.16298227149750585,0.1475802243557838,0.15158625205736384,0.16934329868883333,0.18922262757680527,0.1792853258237091
0.1627991184428325,0.14683634116008729,0.15097790266749164,0.1694248289361107,0.1901718383794023,0.1797899704140768
0.1626132957593386,0.14609430995208428,0.1503695213558608,0.1695042602921025,0.19112434610397372,0.18029426653664113
0.16242480930424458,0.14535413814495365,0.14976112483383255,0.16958158331194495,0.19208014860947842,0.1807981957955442
0.1622336650963892,0.14461583310969023,0.14915272979293298,0.16965678861252964,0.1930392436449856,0.18130173974347116
0.1620398693159387,0.14387940217419215,0.14854435290380197,0.1697298668738444,0.19400162885019095,0.18180487988203106
0.16184342830407494,0.14314485262234605,0.14793601081513888,0.16980080884031606,0.19496730175597193,0.18230759766214982
0.161644348562664,0.1424121916931098,0.14732772015264572,0.1698696053221351,0.19593625978497192,0.18280987448447053
0.16144263675389475,0.14168142657960173,0.14671949751795732,0.16993624719657327,0.19690850025221113,0.1833116916997606
0.16123829969989922,0.1409525644281785,0.14611135948756984,0.1700007254092865,0.1978840203657347,0.18381303060933002
0.161031344382352,0.1402256123375269,0.14550332261176357,0.17006303097561018,0.19886281722729127,0.18431387246545688
0.1608217779420358,0.13950057735774699,0.14489540341352156,0.1701231549818398,0.19984488783304158,0.18481419847181232
0.16060960767840127,0.138777466489442,0.14428761838744078,0.17018108858650222,0.20083022907430742,0.18531398978390823
0.16039484104907925,0.13805628668280415,0.14367998399863677,0.17023682302160914,0.20181883773833878,0.18581322750953275
0.16017748566939335,0.13733704483670972,0.14307251668165225,0.1702903495939016,0.2028107105091359,0.1863118927092053
0.15995754931183462,0.13661974779781058,0.14246523283935056,0.17034165968608153,0.2038058439682886,0.18680996639663366
0.15973503990551094,0.1359044023596285,0.14185814884181153,0.17039074475802482,0.20480423459585528,0.18730742953917012
0.15950996553558286,0.13519101526165364,0.14125128102521825,0.17043759634798322,0.20580587877127807,0.18780426305828318
0.15928233444266654,0.13447959318845,0.14064464569074964,0.17048220607377187,0.20681077277433554,0.18830044783002536
0.15905215502221334,0.1337701427687528,0.14003825910345843,0.17052456563394078,0.20781891278612702,0.18879596468550897
0.15881943582387056,0.1330626705745818,0.13943213749114738,0.1705646668089284,0.2088302948900895,0.18929079441138208
0.15858418555081258,0.13235718312035327,0.13882629704325397,0.17060250146220476,0.20984491507306435,0.18978491775031145
0.15834641305904645,0.1316536868619931,0.1382207539097166,0.17063806154139366,0.21086276922638814,0.1902783154014666
0.15810612735669902,0.1309521881960568,0.13761552419984477,0.17067133907937532,0.2118838531470209,0.19077096802100132
0.15786333760327714,0.13025269345886137,0.13701062398119276,0.17070232619538694,0.21290816253873027,0.19126285622255226
0.15761805310889587,0.1295552089256062,0.13640606927841953,0.17073101509608252,0.21393569301328247,0.1917539605777136
0.1573702833334967,0.1288597408095135,0.1358018760721556,0.17075739807659554,0.21496644009170285,0.19224426161653602
0.15712003788602735,0.12816629526096684,0.13519806029786452,0.17078146752157067,0.21600039920555542,0.19273373982801542
0.1568673265236033,0.1274748783666617,0.13459463784470194,0.1708032159061861,0.21703756569826868,0.19322237566057784
0.15661215915064722,0.12678549614874846,0.1339916245543782,0.17082263579714727,0.21807793482650495,0.19371014952257476
0.15635454581799396,0.1260981545640009,0.13338903622001064,0.17083971985366886,0.21912150176155626,0.19419704178276678
0.15609449672198722,0.12541285950297676,0.132786888584989,0.1708544608284365,0.22016826159080277,0.19468303277081084
0.15583202220352999,0.12472961678918489,0.1321851973418249,0.1708668515685401,0.22121820931918246,0.19516810277773936
0.15556713274713252,0.12404843217827127,0.13158397813101247,0.17087688501640225,0.22227133987073286,0.19565223205644972
0.15529983897991909,0.12336931135720013,0.13098324653988466,0.17088455421066834,0.2233276480901548,0.19613540082217273
0.15503015167061898,0.12269225994344721,0.1303830181014696,0.1708898522870921,0.22438712874442265,0.19661758925295103
0.15475808172852853,0.1220172834842007,0.12978330829334767,0.1708927724793845,0.22544977652443401,0.19709877749010518
0.1544836402024553,0.12134438745556993,0.1291841325365083,0.1708933081200544,0.226515586046713,0.19757894563869952
0.15420683827962872,0.12067357726180011,0.1285855061942125,0.17089145264121952,0.22758455185514267,0.19805807376799672
0.1539276872845912,0.12000485823449931,0.12798744457084996,0.17088719957539392,0.22865666842275004,0.1985361419119156
0.15364619867806922,0.11933823563186988,0.12738996291080007,0.1708805425562615,0.22973193015352833,0.19901313006946852
0.15336238405581365,0.11867371463795093,0.126793076397301,0.17087147531941585,0.23081033138431606,0.19948901820520576
0.153076255147413,0.11801130036186638,0.1261968001513075,0.17085999170308344,0.23189186638669232,0.199963786249636
0.15278782381509967,0.11735099783709083,0.1256011492303658,0.17084608564882267,0.23297652936895746,0.20043741409966326
0.15249710205251127,0.1166928120207107,0.1250061386274775,0.17082975120219834,0.23406431447811996,0.20090988161897894
0.15220410198344206,0.11603674779270994,0.12441178326997884,0.17081098251343013,0.23515521580195542,0.2013811686384801
0.15190883586056655,0.11538280995525411,0.12381809801841309,0.17078977383802157,0.23624922737109433,0.2018512549566504
0.1516113160641384,0.11473100323198764,0.12322509766541002,0.17076611953735604,0.23734634316116618,0.20232012033994579
0.15131155510066657,0.11408133226734493,0.12263279693457098,0.17074001407927739,0.23844655709498108,0.20278774452315823
0.1510095656015754,0.11343380162586876,0.12204121047935443,0.1707114520386418,0.23954986304477482,0.20325410720978412
0.15070536032182955,0.11278841579153641,0.12145035288196945,0.17068042809784068,0.24065625483447406,0.20371918807234904
0.15039895213854373,0.11214517916710084,0.12086023865226675,0.17064693704730283,0.24176572624203088,0.20418296675275519
0.15009035404956908,0.11150409607344035,0.12027088222664355,0.17061097378596568,0.24287827100179765,0.204645422862584
0.14977957917205822,0.11086517074892044,0.11968229796694464,0.17057253332172814,0.2439938828069444,0.20510653598340578
0.14946664074100147,0.1102284073487635,0.11909450015937667,0.17053161077186968,0.2451125553119311,0.20556628566705656
0.1491515521077528,0.10959380994443765,0.11850750301342027,0.17048820136344564,0.24623428213502577,0.20602465143591525
0.1488343267385222,0.10896138252304594,0.11792132066075448,0.17044230043365682,0.2473590568608702,0.2064816127831516
0.1485149782128521,0.10833112898673412,0.11733596715418108,0.17039390343019042,0.24848687304308872,0.20693714917295478
0.1481935202220745,0.10770305315211219,0.116751456466561,0.17034300591153373,0.24961772420695982,0.20739124004075907
0.14786996656774204,0.1070771587496819,0.11616780248975299,0.17028960354726577,0.250751603852124,0.20784386479343797
0.14754433116004032,0.10645344942327575,0.11558501903356025,0.17023369211830935,0.2518885054553385,0.20829500280947477
0.14721662801618474,0.10583192872951995,0.11500311982468707,0.17017526751717252,0.25302842247330304,0.2087446334391339
0.1468868712587858,0.10521260013729146,0.11442211850569646,0.17011432574814542,0.254171348345501,0.20919273600458002
0.1465550751142045,0.10459546702720228,0.11384202863398159,0.17005086292748006,0.2553172764971218,0.20963928980000918
0.14622125391088384,0.1039805326910912,0.11326286368074179,0.1699848752835395,0.2564662003420129,0.2100842740917305
0.14588542207766253,0.1033678003315262,0.11268463702996642,0.1699163591569163,0.2576181132856921,0.21052766811823653
0.1455475941420647,0.10275727306132174,0.11210736197742933,0.1698453110005246,0.258773008728403,0.21096945109025425
0.1452077847285805,0.10214895390306894,0.11153105172969194,0.16977172737966545,0.2599308800682261,0.21140960219076388
