0,1,2,3,4,5
0.15736363109987017,0.15014112628185133,0.18762706486556954,0.170644080591057,0.1737683530407651,0.16045574412088418
0.1575900126588419,0.15051524266965283,0.18711687119347578,0.17055843848590108,0.1736127880078748,0.16060664698425384
0.1578163194905377,0.15089046091532443,0.18660693845159984,0.1704723244014437,0.1734564644971737,0.1607574922439224
0.1580425472158948,0.15126678394418996,0.1860972703820306,0.1703857367378695,0.17329938325899147,0.1609082784610249
0.1582686914444159,0.15164421469564793,0.1855878707151217,0.17029867390624845,0.17314154505205553,0.16105900418650912
0.15849474777414535,0.15202275612328559,0.18507874316950476,0.17021113432844787,0.17298295064349467,0.16120966796112277
0.15872071179163139,0.15240241119499318,0.18456989145209493,0.17012311643703867,0.17282360080884537,0.1613602683153975
0.15894657907190893,0.15278318289308246,0.18406131925810446,0.17003461867521227,0.17266349633205363,0.16151080376964078
0.15917234517845902,0.15316507421440215,0.18355303027105194,0.16994563949668512,0.17250263800548418,0.16166127283391676
0.1593980056631818,0.15354808817046448,0.1830450281627751,0.16985617736561637,0.1723410266299221,0.16181167400803775
0.1596235560663631,0.1539322277875601,0.18253731659344055,0.16976623075651137,0.17217866301458193,0.16196200578154551
0.15984899191663535,0.15431749610688203,0.18202989921154877,0.16967579815413428,0.17201554797710192,0.16211226663369704
0.16007430873094927,0.15470389618465535,0.18152277965395558,0.16958487805342218,0.17185168234356304,0.16226245503345513
0.160299502014532,0.15509143109225687,0.18101596154587113,0.16949346895938913,0.17168706694848107,0.16241256943946902
0.16052456726085093,0.15548010391634706,0.1805094485008806,0.16940156938704043,0.17152170263482108,0.16256260830005928
0.1607494999515738,0.15586991775899725,0.1800032441209475,0.1693091778612812,0.17135559025399416,0.1627125700532065
0.16097429555652945,0.15626087573781913,0.17949735199642683,0.1692162929168264,0.17118873066586612,0.16286245312653186
0.16119894953366562,0.15665298098609784,0.17899177570607677,0.16912291309811248,0.17102112473876202,0.16301225593728294
0.16142345732900637,0.1570462366529271,0.17848651881707045,0.16902903695920687,0.17085277334947033,0.1631619768923197
0.16164781437660547,0.15744064590333962,0.17798158488500015,0.16893466306371602,0.1706836773832439,0.16331161438809513
0.1618720160985072,0.15783621191844757,0.17747697745389351,0.16883978998469965,0.17051383773380996,0.16346116681064116
0.16209605790469356,0.15823293789557719,0.17697270005622612,0.16874441630457826,0.17034325530337166,0.16361063253555136
0.16231993519304033,0.15863082704841244,0.17646875621292513,0.16864854061504522,0.17017193100261074,0.16376000992796352
0.16254364334926616,0.15902988260712886,0.17596514943338604,0.16855216151697622,0.16999986575069512,0.16390929734254453
0.1627671777468847,0.15943010781854056,0.17546188321547884,0.16845527762034243,0.1698270604752835,0.16405849312346962
0.16299053374714864,0.15983150594624185,0.17495896104556238,0.1683578875441167,0.16965351611252402,0.16420759560440676
0.16321370669900306,0.1602340802707519,0.17445638639849007,0.16825998991619104,0.1694792336070651,0.16435660310849845
0.1634366919390268,0.16063783408966167,0.17395416273762634,0.1681615833732832,0.16930421391205674,0.16450551394834542
0.1636594847913792,0.1610427707177816,0.17345229351485264,0.16806266656085062,0.16912845798915388,0.16465432642598243
0.16388208056774456,0.16144889348728717,0.17295078217057872,0.16796323813300063,0.16895196680852184,0.16480303883286546
0.16410447456727156,0.1618562057478747,0.1724496321337561,0.16786329675240566,0.1687747413488416,0.16495164944984966
0.1643266620765169,0.16226471086690716,0.17194884682188213,0.16776284109021022,0.16859678259731176,0.16510015654717067
0.16454863836938463,0.16267441222957044,0.17144842964101842,0.16766186982595097,0.1684180915496534,0.16524855838442265
0.16477039870706375,0.16308531323902756,0.17094838398579243,0.16756038164746231,0.16823866921011416,0.16539685321054307
0.1649919383379658,0.1634974173165697,0.17044871323941457,0.16745837525079357,0.1680585165914722,0.16554503926378558
0.16521325249766275,0.16391072790178,0.1699494207736866,0.16735584934012382,0.1678776347150411,0.16569311477170648
0.1654343364088196,0.16432524845268515,0.16945050994900882,0.16725280262767347,0.16769602461067404,0.16584107795113814
0.16565518528112888,0.16474098244591842,0.16895198411439658,0.167149233833619,0.16751368731676589,0.16598892700817078
0.16587579431124352,0.16515793337687903,0.16845384660748264,0.16704514168600818,0.16733062388026004,0.16613666013813028
0.1660961586827044,0.16557610475988885,0.16795610075453143,0.16694052492067543,0.16714683535664834,0.16628427552555183
0.16631627356587697,0.16599550012836398,0.1674587498704512,0.1668353822811587,0.1669623228099809,0.1664317713441665
0.16653613411787418,0.16641612303497377,0.16696179725880017,0.1667297125186138,0.1667770873128665,0.16657914575687058
0.1667557354824865,0.16683797705180559,0.16646524621179834,0.16662351439173295,0.16659112994647562,0.1667263969157062
0.16697507279010368,0.16726106577052902,0.16596910001033355,0.16651678666665598,0.1664044518005457,0.1668735229618349
0.16719414115764722,0.16768539280256922,0.16547336192397877,0.1664095281168984,0.16621705397338818,0.16702052202551726
0.167412935688491,0.1681109617792709,0.1649780352109978,0.1663017375232624,0.1660289375718895,0.16716739222609003
0.16763145147237749,0.168537776352068,0.16448312311835292,0.16619341367375548,0.16584010371151353,0.16731413167193612
0.16784968358534794,0.1689658401926537,0.16398862888171528,0.16608455536351013,0.16565055351630886,0.16746073846046247
0.16806762708965986,0.1693951569931553,0.1634945557254824,0.16597516139471005,0.1654602881189147,0.16760721067807893
0.16828527703370208,0.16982573046630145,0.16300090686277352,0.16586523057650035,0.165269308660557,0.16775354640016463
0.16850262845191727,0.1702575643456007,0.16250768549545438,0.16575476172491696,0.1650776162910638,0.16789974369105
0.16871967636471308,0.1706906623855095,0.1620148948141332,0.165643753662801,0.16488521216885807,0.16804580060398355
0.16893641577838533,0.17112502836161714,0.16152253799818075,0.1655322052197315,0.16469209746097163,0.16819171518111284
0.16915284168502395,0.17156066607080964,0.16103061821573472,0.16542011523193767,0.16449827334304332,0.16833748545344948
0.16936894906243138,0.17199757933145793,0.16053913862370972,0.16530748254222846,0.1643037409993253,0.16848310944084854
0.16958473287402925,0.17243577198358664,0.16004810236780515,0.16519430599991594,0.16410850162268684,0.16862858515197432
0.1698001880687768,0.17287524788906003,0.15955751258252002,0.16508058446074028,0.1639125564146215,0.16877391058427985
0.17001530958107247,0.17331601093175567,0.159067372391156,0.16496631678679677,0.16371590658524712,0.16891908372397132
0.17023009233066613,0.1737580650177476,0.1585776849058301,0.16485150184645908,0.1635185533533121,0.1690641025459826
0.1704445312225669,0.17420141407548848,0.15808845322748338,0.1647361385143133,0.16332049794620396,0.16920896501394658
0.1706586211469457,0.1746460620559824,0.1575996804458886,0.16462022567107656,0.163121741599945,0.1693536690801622
0.17087235697904554,0.1750920129329808,0.1571113696396618,0.16450376220353508,0.16292228555920724,0.16949821268556958
0.17108573357908133,0.17553927070315342,0.1566235238762708,0.16438674700447248,0.16272213107730918,0.16964259375971388
0.1712987457921435,0.17598783938627588,0.15613614621204222,0.16426917897259308,0.16252127941622468,0.169786810220719
0.17151138844810357,0.1764377230254157,0.1556492396921737,0.16415105701246424,0.16231973184658846,0.16993085997525542
0.17172365636150744,0.17688892568711145,0.15516280735073953,0.16403238003444062,0.1621174896476969,0.17007474091850497
0.17193554433148345,0.17734145146156097,0.1546768522107035,0.16391314695460113,0.16191455410751696,0.1702184509341348
0.1721470471416342,0.17779530446280611,0.15419137728392518,0.16379335669468295,0.16171092652269062,0.1703619878942601
0.172358159559941,0.17825048882891914,0.15370638557116872,0.1636730081820188,0.16150660819853901,0.17050534965941566
0.1725688763386522,0.17870700872218367,0.15322188006211332,0.16355210034946657,0.16130160044906755,0.1706485340785168
0.1727791922141886,0.17916486832928769,0.15273786373536236,0.16343063213535383,0.1610959045969734,0.1707915389888354
0.17298910190703137,0.17962407186150528,0.15225433955845055,0.16330860248341117,0.16088952197364995,0.1709343622159552
0.17319860012161736,0.18008462355488333,0.1517713104878523,0.1631860103427135,0.16068245391919023,0.1710770015737446
0.17340768154623412,0.18054652767043097,0.15128877946899497,0.16306285466762152,0.16047470178239762,0.17121945486432047
0.17361634085291006,0.18100978849430474,0.15080674943626382,0.16293913441771893,0.16026626692078724,0.17136171987801446
0.17382457269730728,0.1814744103379961,0.15032522331301182,0.1628148485577573,0.16005715070059295,0.17150379439333274
0.1740323717186104,0.18194039753851854,0.14984420401156728,0.16268999605759998,0.159847354496777,0.1716456761769283
0.17423973253941671,0.18240775445859078,0.149363694433245,0.162564575892162,0.15963687969303003,0.1717873629835555
0.17444664976562374,0.18287648548683133,0.14888369746835536,0.162438587041364,0.15942572768178268,0.17192885255604287
0.1746531179863201,0.18334659503793907,0.14840421599621,0.16231202849006934,0.15921389986421067,0.1720701426252498
0.17485913177367063,0.18381808755288156,0.147925252885134,0.16218489922803897,0.1590013976502411,0.17221123091003276
0.17506468568280298,0.184290967499083,0.1474468109924726,0.16205719824987666,0.15878822245855906,0.17235211511720644
0.17526977425169138,0.1847652393706079,0.1469688931646012,0.16192892455497815,0.1585743757166149,0.17249279294150577
0.17547439200104634,0.1852409076883486,0.14649150223693425,0.16180007714748731,0.158359858860634,0.17263326206554946
0.17567853343419468,0.18571797700021225,0.14601464103393474,0.16167065503624375,0.15814467333561855,0.17277352015979847
0.175882193036965,0.18619645188130018,0.14553831236911835,0.16154065723473676,0.15792882059536031,0.17291356488252196
0.17608536527756885,0.1866763369341003,0.1450625190450717,0.1614100827610627,0.1577123021024453,0.17305339387975116
0.17628804460648867,0.18715763678866398,0.14458726385345286,0.16127893063788082,0.1574951193282645,0.1731930047852487
0.17649022545635212,0.18764035610279522,0.1441125495750041,0.16114719989236806,0.15727727375302059,0.17333239522046046
0.17669190224181733,0.18812449956222965,0.14363837897956064,0.16101488955618068,0.15705876686573372,0.17347156279447964
0.17689306935945356,0.1886100718808168,0.14316475482605898,0.16088199866540903,0.15683960016425286,0.17361050510400644
0.1770937211876235,0.1890970778007065,0.14269167986254735,0.1607485262605485,0.15661977515526776,0.17374921973330718
0.1772938520863575,0.18958552209251978,0.14221915682619227,0.16061447138645077,0.15639929335430902,0.17388770425416966
0.17749345639723868,0.19007540955553848,0.14174718844329134,0.16047983309229594,0.15617815628576626,0.17402595622586853
0.17769252844327899,0.1905667450178767,0.14127577742928105,0.1603446104315535,0.15595636548289185,0.17416397319511517
0.1778910625287994,0.19105953333666337,0.1408049264887439,0.16020880246195215,0.15573392248781534,0.17430175269602755
0.17808905293930602,0.19155377939821308,0.1403346383154202,0.16007240824544153,0.15551082885154602,0.17443929225007324
0.17828649394137183,0.19204948811820732,0.13986491559221725,0.15993542684817066,0.155287086133992,0.17457658936603937
0.17848337978251144,0.19254666444186647,0.13939576099121895,0.15979785734045324,0.15506269590396468,0.1747136415399845
0.17867970469106134,0.19304531334412064,0.13892717717369485,0.1596596987967386,0.15483765973919086,0.17485044625519588
