0,1,2,3,4,5
0.15765717471722235,0.14362617067331074,0.14362823363251231,0.18458133131984583,0.17357564596324157,0.19693144369386606
0.1578316236601484,0.14400646387339416,0.14402292485008425,0.18428708289222032,0.17346968703531881,0.1963822176888344
0.15800539689575127,0.14438725439052819,0.14441768065558652,0.18399232553847777,0.17336326506769953,0.19583407745195677
0.15817849245207302,0.14476854122335264,0.1448124963653817,0.18369706387853174,0.17325638203796442,0.19528702404269552
0.15835090837227814,0.14515032336931347,0.14520736729244207,0.18340130253387704,0.17314903992964586,0.1947410585024438
0.1585226427146767,0.14553259982469233,0.14560228874650422,0.1831050461274336,0.17304124073214808,0.19419618185454496
0.1586936935527477,0.14591536958464332,0.14599725603422428,0.1828082992833877,0.17293298644068125,0.193652395104316
0.15886405897515735,0.14629863164321993,0.14639226445933493,0.18251106662703936,0.17282427905617584,0.19310969923907034
0.1590337370857817,0.14668238499340983,0.14678730932280024,0.18221335278464448,0.1727151205852191,0.19256809522814597
0.15920272600372132,0.14706662862716524,0.14718238592296579,0.18191516238325564,0.17260551303996793,0.19202758402292167
0.15937102386332647,0.1474513615354351,0.14757748955572214,0.18161650005057517,0.17249545843808894,0.19148816655685072
0.1595386288142058,0.1478365827081917,0.147972615514653,0.18131737041479484,0.17238495880267296,0.19094984374548235
0.15970553902124687,0.14822229113446667,0.14836775909119154,0.18101777810444125,0.1722740161621653,0.19041261648648877
0.15987175266463294,0.14860848580237584,0.14876291557477872,0.18071772774822598,0.17216263255029465,0.1898764856596912
0.1600372679398547,0.14899516569915294,0.14915808025301389,0.18041722397489166,0.17205081000599676,0.18934145212709086
0.16020208305772218,0.1493823298111744,0.1495532484118111,0.1801162714130559,0.17193855057334367,0.18880751673289264
0.16036619624438284,0.14976997712399429,0.14994841533555517,0.17981487469106328,0.17182585630146807,0.18827468030353756
0.16052960574132716,0.15015810662236578,0.15034357630725392,0.17951303843683014,0.17171272924449626,0.1877429436477276
0.1606923098054029,0.15054671729027577,0.15073872660869178,0.17921076727769716,0.17159917146146916,0.18721230755646093
0.1608543067088255,0.15093580811096907,0.15113386152059108,0.17890806584027577,0.17148518501627852,0.1866827728030593
0.16101559473918398,0.15132537806697705,0.15152897632275547,0.17860493875029976,0.17137077197758907,0.1861543401431961
0.16117617219945013,0.15171542614014202,0.1519240662942323,0.17830139063247286,0.17125593441876671,0.1856270103149313
0.16133603740799146,0.15210595131165222,0.15231912671346462,0.17799742611032504,0.1711406744178197,0.1851007840387486
0.1614951886985642,0.15249695256205664,0.1527141528584409,0.17769304980605663,0.17102499405730845,0.18457566201757183
0.1616536244203351,0.15288842887130047,0.153109140006856,0.17738826634039762,0.17090889542429383,0.184051644936815
0.16181134293787297,0.1532803792187465,0.15350408343625715,0.17708308033245598,0.17079238061025792,0.18352873346440915
0.16196834263115986,0.15367280258319896,0.15389897842420255,0.17677749639957135,0.1706754517110343,0.18300692825083195
0.16212462189559018,0.15406569794293445,0.15429382024841326,0.1764715191571692,0.17055811082674407,0.18248622992914842
0.162280179141975,0.15445906427571904,0.15468860418692268,0.17616515321861384,0.17044036006172208,0.181966639115045
0.16243501279654296,0.15485290055883819,0.15508332551823575,0.17585840319506885,0.17032220152445315,0.18144815640686238
0.162589121300937,0.15524720576911694,0.15547797952147444,0.17555127369534165,0.17020363732749882,0.18093078238563162
0.16274250311222055,0.15564197888294432,0.15587256147653578,0.1752437693257506,0.1700846695874351,0.18041451761511432
0.16289515670287041,0.15603721887629693,0.15626706666424026,0.1749358946899747,0.16996530042478064,0.17989936264183606
0.16304708056077738,0.1564329247247614,0.15666149036648705,0.1746276543889158,0.1698455319639348,0.17938531799512522
0.16319827318923988,0.15682909540355408,0.15705582786640096,0.17431905302054948,0.1697253663331044,0.17887238418714954
0.16334873310696707,0.15722572988754777,0.1574500744484902,0.17401009517979105,0.16960480566424793,0.178360561712958
0.16349845884806663,0.15762282715128587,0.1578442253987892,0.17370078545834894,0.16948385209299713,0.17784985105051296
0.1636474489620417,0.15802038616901062,0.1582382760050194,0.173391128444589,0.16936250775860276,0.17734025266073772
0.16379570201378782,0.15841840591467887,0.1586322215567315,0.1730811287233904,0.16924077480386382,0.17683176698754963
0.16394321658358083,0.15881688536198232,0.15902605734546002,0.17277079087601058,0.1691186553750651,0.17632439445790338
0.16408999126707222,0.15921582348437063,0.15941977866487228,0.17246011947994086,0.16899615162191317,0.17581813548182973
0.1642360246752802,0.15961521925506647,0.15981338081092042,0.17214911910877922,0.16887326569747318,0.17531299045248055
0.16438131543457815,0.16001507164708603,0.16020685908198573,0.17183779433208132,0.16874999975810426,0.17480895974616315
0.16452586218668613,0.16041537963325803,0.160600208779033,0.1715261497152318,0.1686263559633989,0.17430604372239034
0.16466966358865892,0.16081614218624155,0.16099342520575852,0.17121418981930633,0.16850233647611915,0.17380424272391667
0.1648127183128741,0.16121735827854042,0.16138650366873458,0.17090191920093353,0.16837794346213658,0.1733035570767821
0.1649550250470196,0.16161902688252405,0.16177943947756407,0.1705893424121672,0.16825317909036847,0.1728039870903573
0.16509658249408157,0.16202114697044284,0.16217222794502342,0.17027646400034635,0.16812804553271987,0.17230553305738658
0.1652373893723273,0.1624237175144432,0.1625648643872133,0.16996328850796558,0.16800254496402225,0.17180819525402943
0.16537744441529234,0.16282673748658497,0.1629573441237039,0.1696498204725415,0.16787667956197322,0.1713119739399083
0.16551674637176328,0.16323020585885287,0.163349662477681,0.1693360644264781,0.16775045150707488,0.17081686935814822
0.16565529400576492,0.1636341216031793,0.16374181477609856,0.16902202489694507,0.1676238629825816,0.1703228817354294
0.16579308609653823,0.16403848369144952,0.16413379634981698,0.16870770640573554,0.16749691617443593,0.16983001128202488
0.16593012143852287,0.16444329109551897,0.1645256025337524,0.16839311346914443,0.16736961327121058,0.1693382581918495
0.16606639884134491,0.16484854278722919,0.16491722866702613,0.16807825059783746,0.16724195646405543,0.16884762264250847
0.1662019171297863,0.16525423773841777,0.16530867009310063,0.16776312229672127,0.16711394794663514,0.16835810479533816
0.16633667514377648,0.16566037492093244,0.16569992215993382,0.16744773306482186,0.16698558991507778,0.16786970479545965
0.1664706717383618,0.1660669533066404,0.166090980220117,0.1671320873951473,0.1668568845679152,0.16738242277181978
0.16660390578368967,0.1664739718674431,0.16648183963102087,0.1668161897745725,0.1667278341060305,0.1668962588372413
0.16673637616498657,0.166881429575287,0.1668724957549394,0.16650004468370905,0.1665984407326021,0.1664112130884738
0.16686808178252938,0.1672893254021717,0.1672629439592348,0.16618365659677967,0.16646870665304825,0.1659272856062362
0.16699902155162732,0.16769765832016054,0.1676531796164742,0.1658670299814964,0.16633863407497315,0.16544447645526658
0.1671291944025945,0.16810642730139402,0.16804319810457738,0.16555016929893726,0.16620822520811784,0.16496278568437575
0.1672585992807284,0.16851563131809333,0.16843299480695798,0.16523307900342502,0.16607748226430247,0.1644822133264916
0.1673872351462775,0.168925269342573,0.16882256511266192,0.1649157635424019,0.16594640745737677,0.1640027593987071
0.16751510097442254,0.16933534034724843,0.16921190441651174,0.16459822735631263,0.16581500300316673,0.16352442390233687
0.16764219575524256,0.16974584330464165,0.16960100811924456,0.16428047487848269,0.16568327111942716,0.16304720682296048
0.1677685184936933,0.170156777187391,0.169989871627653,0.1639625105350005,0.16555121402578554,0.16257110813047723
0.16789406820957245,0.17056814096825612,0.17037849035472627,0.16364433874459644,0.16541883394369725,0.16209612777915233
0.1680188439374977,0.17097993362012553,0.17076685971978622,0.16332596391852638,0.16528613309639284,0.1616222657076738
0.16814284472686838,0.17139215411602046,0.17115497514862943,0.16300739046045662,0.1651531137088309,0.16114952183919645
0.1682660696418428,0.1718048014291019,0.17154283207366153,0.1626886227663419,0.1650197780076491,0.16067789608140057
0.168388517761305,0.17221787453267687,0.17193042593403943,0.16236966522432,0.1648861282211184,0.16020738832653972
0.16851018817882948,0.17263137240019666,0.1723177521758047,0.16205052221458544,0.16475216657909117,0.15973799845149148
0.16863108000265392,0.1730452940052677,0.1727048062520207,0.16173119810928493,0.1646178953129604,0.15926972631781372
0.16875119235564198,0.17345963832164885,0.1730915836229115,0.16141169727239735,0.16448331665560822,0.15880257177179288
0.16887052437525416,0.17387440432325985,0.17347807975599386,0.16109202405962622,0.1643484328413656,0.15833653464449976
0.16898907521351023,0.17428959098417846,0.17386429012621687,0.16077218281828834,0.16421324610596436,0.15787161475184272
0.1691068440369555,0.17470519727864434,0.17425021021609155,0.16045217788719746,0.16407775868649502,0.15740781189461792
0.16922383002662578,0.17512122218106144,0.17463583551582898,0.16013201359656057,0.16394197282135864,0.15694512585856457
0.1693400323780127,0.17553766466599718,0.17502116152347177,0.15981169426786693,0.16380589075023091,0.1564835564144205
0.16945545030102493,0.17595452370818299,0.17540618374502864,0.159491224213778,0.1636695147140135,0.1560231033179728
0.1695700830199507,0.17637179828251287,0.17579089769460537,0.15917060773802044,0.1635328469547949,0.15556376631011384
0.1696839297734269,0.17678948736404623,0.17617529889453803,0.15884984913528197,0.16339588971581107,0.15510554511689578
0.16979698981438937,0.17720758992800134,0.17655938287552334,0.1585289526911018,0.1632586452413991,0.15464843944958426
0.16990926241004375,0.17762610494975833,0.17694314517675205,0.15820792268176784,0.16312111577696425,0.15419244900471324
0.17002074684182422,0.17804503140485248,0.17732658134603535,0.1578867633742114,0.16298330356893337,0.15373757346414102
0.17013144240534964,0.17846436826897732,0.17770968693993777,0.1575654790259052,0.16284521086472378,0.1532838124951056
0.1702413484103886,0.17888411451797456,0.1780924575239068,0.1572440738847575,0.1627068399126975,0.15283116575027716
0.17035046418081323,0.1793042691278323,0.17847488867239716,0.15692255218901213,0.16256819296212852,0.15237963286781753
0.1704587890545622,0.17972483107468334,0.17885697596900424,0.15660091816714938,0.16242927226316467,0.15192921347143343
0.17056632238359973,0.180145799334799,0.1792387150065915,0.15627917603778285,0.1622900800667922,0.15147990717043366
0.17067306353386505,0.18056717288458077,0.17962010138741075,0.15595733000956083,0.16215061862479652,0.15103171355978517
0.17077901188524056,0.1809889507005577,0.18000113072323506,0.15563538428106782,0.16201089018973144,0.15058463222016844
0.17088416683149926,0.18141113175937837,0.18038179863548306,0.1553133430407258,0.16187089701488094,0.15013866271803405
0.17098852778026502,0.1818337150378034,0.18076210075534285,0.15499121046669906,0.16173064135422988,0.14969380460566034
0.17109209415296975,0.18225669951269974,0.18114203272389676,0.15466899072679743,0.16159012546242643,0.14925005742120942
0.17119486538480425,0.18268008416103096,0.18152159019224706,0.1543466879783798,0.1614493515947506,0.14880742068878539
0.17129684092467806,0.18310386795984981,0.18190076882163878,0.154024306368262,0.16130832200708506,0.1483658939184908
0.17139802023516498,0.18352804988628288,0.18227956428357694,0.15370185003261744,0.16116703895587706,0.14792547660647976
