0,1,2,3,4,5
0.1664793941238996,0.1533124342447839,0.13831858789557894,0.13750049026922,0.16561474462873155,0.23877434883778775
0.16655704829660456,0.15357602445798785,0.13881157739048194,0.1379870263277718,0.16568188274815707,0.23738644077899526
0.16663204329205702,0.15383843337715894,0.13930444737230502,0.13847402286903399,0.16574721930345754,0.23600383378598852
0.16670438084523123,0.15409965783343982,0.13979718858716836,0.13896147754468566,0.1658107582285998,0.2346265369608763
0.16677406283950671,0.15435969472208277,0.14028979181221934,0.13944938804567839,0.1658725035342534,0.23325455904626077
0.16684109130567915,0.15461854100215994,0.14078224785599783,0.13993775210233614,0.16593245930680683,0.23188790842701903
0.1669054684209662,0.15487619369626468,0.14127454755879668,0.14042656748444599,0.16599062970738626,0.23052659313213938
0.16696719650799854,0.15513264989020809,0.14176668179300833,0.14091583200134522,0.16604701897086624,0.2291706208365717
0.1670262780337999,0.15538790673270694,0.14225864146347036,0.14140554350200377,0.16610163140488238,0.22781999886313775
0.16708271560875232,0.1556419614350687,0.14275041750779355,0.14189569987509548,0.16615447138883668,0.22647473418445535
0.16713651198555743,0.1558948112708652,0.1432420008966888,0.14238629904906858,0.16620554337290908,0.22513483342490886
0.16718767005818194,0.15614645357560816,0.14373338263428365,0.14287733899220778,0.1662548518770646,0.2238003028626548
0.16723619286078814,0.1563968857464067,0.1442245537584237,0.14336881771269006,0.1663024014900469,0.22247114843164453
0.16728208356666693,0.15664610524162956,0.1447155053409776,0.14386073325863563,0.1663481968683924,0.22114737572369794
0.16732534548714698,0.15689410958055713,0.14520622848812173,0.1443530837181518,0.16639224273542613,0.21982898999059727
0.1673659820705043,0.15714089634302675,0.14569671434062254,0.1448458672193723,0.16643454388026438,0.21851599614621028
0.1674039969008586,0.15738646316907579,0.14618695407411192,0.1453390819304905,0.16647510515681452,0.21720839876865075
0.16743939369705754,0.15763080775857413,0.14667693889934683,0.14583272605978612,0.16651393148277607,0.21590620210245764
0.16747217631156153,0.1578739278708614,0.1471666600624718,0.1463267978556497,0.1665510278386401,0.21460941006081483
0.16750234872930794,0.15811582132436347,0.1476561088452604,0.1468212956065939,0.16658639926668883,0.21331802622778334
0.16752991506658038,0.15835648599622132,0.14814527656535825,0.14731621764127004,0.1666200508699973,0.21203205386057378
0.16755487956985687,0.158595919821898,0.14863415457651213,0.1478115623284676,0.1666519878114338,0.21075149589183242
0.16757724661466222,0.1588341207947985,0.14912273426879763,0.14830732807711863,0.16668221531265773,0.20947635493196626
0.1675970207044053,0.1590710869658697,0.14961100706882755,0.14880351333629016,0.1667107386531303,0.20820663327147682
0.16761420646921577,0.15930681644320532,0.15009896443996376,0.1493001165951755,0.16673756316911004,0.20694233288333072
0.16762880866476618,0.1595413073916416,0.150586597882516,0.1497971363830745,0.1667626942526608,0.20568345542534203
0.16764083217109632,0.15977455803235113,0.15107389893392947,0.15029457126937792,0.16678613735065836,0.2044300022425878
0.16765028199142673,0.16000656664243412,0.1515608591689705,0.15079241986353636,0.16680789796379603,0.20318197436983515
0.16765716325096733,0.16023733155450143,0.15204747019990214,0.15129068081503264,0.16682798164559787,0.20193937253399738
0.16766148119572194,0.16046685115625833,0.15253372367665083,0.15178935281334452,0.1668463940014267,0.20070219715659723
0.16766324119128337,0.16069512389007937,0.1530196112869657,0.15228843458790428,0.16686314068750005,0.19947044835626776
0.16766244872163272,0.16092214825258705,0.15350512475657122,0.15278792490805043,0.16687822740990318,0.19824412595125385
0.1676591093879225,0.1611479227942204,0.15399025584931278,0.15328782258298343,0.16689165992361515,0.19702322946194442
0.1676532289072667,0.1613724461188033,0.15447499636729214,0.1537881264617049,0.1669034440315202,0.19580775811341392
0.16764481311151613,0.16159571688310886,0.15495933815099774,0.15428883543295796,0.16691358558343772,0.19459771083798072
0.16763386794603952,0.16181773379642386,0.15544327307942682,0.1547899484251691,0.16692209047515075,0.1933930862777873
0.1676203994684981,0.16203849562010467,0.1559267930702006,0.15529146440637315,0.16692896464743287,0.19219388278739066
0.1676044138476086,0.16225800116713507,0.1564098900796719,0.15579338238414084,0.16693421408508086,0.19100009843636268
0.1675859173619206,0.1624762493016796,0.15689255610302386,0.15629570140550578,0.16693784481595644,0.1898117310119143
0.16756491639857274,0.16269323893863433,0.15737478317436662,0.15679842055687787,0.16693986291002305,0.18862877802152384
0.1675414174520637,0.16290896904317667,0.15785656336682125,0.15730153896396146,0.1669402744783943,0.18745123669558375
0.16751542712300174,0.16312343863031079,0.15833788879259825,0.15780505579166093,0.1669390856723764,0.18627910399005296
0.16748695211687142,0.16333664676441334,0.1588187516030725,0.1583089702439907,0.16693630268252352,0.18511237658912502
0.1674559992427896,0.16354859255877652,0.15929914398884984,0.15881328156397664,0.1669319317377018,0.18395105090790398
0.1674225754122573,0.16375927517514563,0.1597790581798196,0.15931798903354974,0.16692597910413692,0.1827951230950928
0.1673866876379126,0.16396869382325993,0.16025848644521326,0.1598230919734455,0.16691845108448794,0.18164458903568362
0.1673483430322885,0.16417684776039154,0.16073742109364764,0.16032858974309114,0.16690935401691562,0.18049944435366647
0.16730754880656387,0.1643837362908777,0.1612158544731655,0.16083448174049564,0.16689869427415852,0.1793596844147385
0.16726431226931457,0.16458935876565858,0.1616937789712657,0.1613407674021276,0.16688647826261008,0.17822530432902184
0.1672186408252641,0.16479371458180858,0.1621711870149306,0.16184744620280067,0.1668727124214068,0.17709629895378828
0.16717054197403758,0.1649968031820661,0.16264807107064752,0.16235451765554237,0.16685740322151127,0.1759726628961922
0.1671200233089135,0.16519862405436997,0.16312442364442156,0.16286198131147395,0.16684055716481594,0.17485439051600454
0.16706709251557347,0.16539917673138368,0.1636002372817814,0.16336983675967467,0.16682218078323574,0.17374147592835393
0.1670117573708573,0.1655984607900247,0.16407550456778425,0.16387808362704817,0.16680228063781546,0.17263391300646885
0.16695402574152104,0.16579647585100027,0.16455021812701137,0.16438672157818718,0.16678086331784714,0.1715316953844345
0.16689390558298178,0.16599322157832358,0.1650243706235537,0.1648957503152319,0.1667579354399756,0.1704348164599332
0.1668314049380838,0.16618869767884994,0.1654979547610028,0.1654051695777235,0.16673350364733175,0.169343269397007
0.166766531935853,0.16638290390179875,0.16597096328242358,0.16591497914246248,0.16670757460865224,0.16825704712880796
0.16669929479025453,0.1665758400382839,0.1664433889703286,0.16642517882335636,0.1666801550174214,0.16717614236035777
0.16662970179895542,0.16676750592083256,0.16691522464664524,0.1669357684712629,0.1666512515910021,0.16610054757130086
0.16655776134208905,0.16695790142292063,0.16738646317268036,0.16744674797384562,0.16662087106979312,0.16503025501867122
0.16648348188102124,0.16714702645849178,0.16785709744907237,0.16795811725540324,0.16658902021637154,0.16396525673964102
0.1664068719571153,0.1673348809814849,0.16832712041574371,0.1684698762767152,0.1665557058146583,0.1629055445542808
0.16632794019050753,0.16752146498536422,0.16879652505184942,0.16898202503488066,0.16652093466908005,0.1618511100683179
0.1662466952788759,0.16770677850263885,0.1692653043757133,0.16949456356314488,0.1664847136037408,0.16080194467588457
0.16616314599622195,0.1678908216043988,0.1697334514447669,0.17000749193073897,0.1664470494616016,0.1597580395622738
0.16607730119164457,0.16807359439983058,0.1702009593554777,0.1705208102427,0.1664079491036624,0.15871938570668415
0.16598916978813175,0.16825509703575722,0.1706678212432799,0.17103451863970678,0.16636741940815722,0.15768597388497002
0.1658987607813365,0.16843532969615613,0.17113403028248764,0.17154861729789692,0.16632546726974676,0.1566577946723775
0.16580608323837734,0.16861429260169716,0.17159957968621775,0.1720631064286923,0.16628209959872825,0.15563483844628473
0.1657111462966265,0.16879198600926704,0.17206446270630188,0.1725779862786203,0.16623732332024557,0.15461709538893734
0.16561395916251043,0.1689684102115007,0.17252867263318747,0.17309325712912688,0.16619114537350377,0.1536045554901689
0.1655145311103116,0.16914356553631532,0.17299220279584446,0.17360891929639863,0.1661435727109996,0.15259720855012848
0.1654128714809754,0.16931745234644188,0.17345504656166552,0.17412497313116898,0.1660946122977521,0.15159504418199607
0.1653089896809192,0.16949007103895694,0.17391719733635452,0.17464141901853628,0.1660442711105395,0.15059805181468958
0.16520289518085532,0.1696614220448245,0.17437864856382337,0.17515825737777305,0.16599255613715147,0.1496062206955729
0.16509459751459926,0.1698315058284214,0.1748393937260698,0.17567548866212876,0.16593947437563386,0.1486195398931428
0.16498410627790877,0.17000032288708972,0.1752994263430668,0.17619311335864443,0.16588503283356257,0.14763799829972787
0.1648714311273029,0.17016787375066075,0.1757587399726327,0.1767111319879498,0.16582923852729625,0.14666158463415926
0.1647565817789029,0.17033415898100662,0.17621732821031014,0.17722954510407027,0.16577209848126387,0.14569028744444734
0.16463956800727264,0.17049917917157797,0.1766751846892348,0.17774835329422906,0.16571361972724039,0.14472409511044376
0.16452039964426432,0.17066293494694987,0.1771323030800023,0.17826755717864562,0.16565380930364434,0.14376299584649374
0.16439908657787,0.170825426962364,0.17758867709052634,0.17878715741033413,0.16559267425482332,0.14280697770408243
0.16427563875107679,0.1709866559032792,0.17804430046590275,0.17930715467489933,0.16553022163036968,0.14185602857446822
0.16415006616073494,0.17114662248492427,0.1784991669882648,0.17982754969033865,0.1654664584844301,0.1409101361913063
0.16402237885641927,0.17130532745183727,0.17895327047663037,0.180348343206828,0.16540139187501965,0.1399692881332646
0.16389258693931097,0.1714627715774324,0.17940660478675524,0.1808695360065199,0.16533502886335685,0.1390334718266244
0.16376070056107395,0.17161895566354496,0.17985916381097763,0.18139112890333683,0.16526737651319354,0.13810267454787326
0.16362672992274369,0.17177388053999543,0.18031094147806032,0.18191312274275923,0.16519844189015598,0.13717688342628528
0.16349068527362032,0.1719275470641429,0.18076193175302757,0.1824355184016158,0.16512823206110117,0.13625608544648954
0.1633525769101669,0.17207995612045499,0.18121212863700736,0.18295831678787472,0.1650567540934679,0.13534026745102726
0.1632124151749176,0.17223110862006116,0.18166152616705594,0.1834815188404301,0.1649840150546433,0.13442941614289478
0.1630702104553858,0.17238100550032343,0.18211011841599475,0.18400512552888587,0.1649100220113352,0.133523518088074
0.16292597318299187,0.17252964772441115,0.1825578994922381,0.1845291378533507,0.164834782028955,0.13262255971805423
0.16277971383197756,0.17267703628086178,0.18300486353961243,0.18505355684421237,0.16475830217099915,0.13172652733233517
0.16263144291834958,0.17282317218316132,0.18345100473718595,0.18557838356193068,0.16468058949845285,0.13083540710091984
0.16248117099881154,0.172968056469317,0.18389631729908062,0.18610361909681933,0.16460165106918404,0.1299491850667918
0.16232890866971156,0.17311169020143294,0.18434079547429533,0.18662926456882323,0.16452149393735876,0.12906784714837805
0.1621746665660022,0.173254074465302,0.1847844335465187,0.18715532112731315,0.16444012515286055,0.12819137914200454
0.16201845536019083,0.1733952103699751,0.1852272258339398,0.18768178995085422,0.1643575517607126,0.12731976672432635
