0,1,2,3,4,5
0.10449502462114033,0.1810452844907219,0.1345916709180754,0.18022455752207547,0.29175955381423785,0.10788390863375083
0.10537678267293847,0.18099484767318882,0.13518713409838445,0.18018712539415954,0.28951877142420895,0.10873533873712038
0.10626197502683138,0.18093843943161944,0.1357803825251688,0.1801437446103319,0.2872859475321955,0.10958951087385137
0.10715056744326118,0.1808760732604484,0.13637136829666296,0.18009442712405516,0.28506117516497853,0.11044638871059542
0.10804252527162804,0.1808077635129028,0.13696004381639343,0.1800391857464934,0.28284454604910464,0.11130593560347576
0.10893781345762614,0.18073352539570148,0.13754636180378332,0.1799780341415504,0.2806361505951695,0.11216811460616938
0.10983639655068264,0.18065337496346576,0.13813027530462302,0.17991098682061077,0.27843607788255914,0.11303288847805992
0.110738238711518,0.18056732911286316,0.13871173770142278,0.17983805913702622,0.27624441564469243,0.11390021969247709
0.11164330371980488,0.1804754055764737,0.13929070272362779,0.17975926728031938,0.27406125025476774,0.11477007044500606
0.11255155498193188,0.18037762291639345,0.13986712445769678,0.1796746282701159,0.27188666671199446,0.1156424026618698
0.11346295553886604,0.18027400051757464,0.14044095735703924,0.1795841599498212,0.26972074862832707,0.11651717800837173
0.11437746807411352,0.18016455858090474,0.14101215625181435,0.17948788098003396,0.26756357821572885,0.11739435789740704
0.11529505492176553,0.18004931811603203,0.14158067635856683,0.17938581083169416,0.26541523627391306,0.11827390349802759
0.1162156780746373,0.17992830093394271,0.1421464732897243,0.17927796977899899,0.2632758021786381,0.11915577574406161
0.11713929919248325,0.1798015296392884,0.14270950306292662,0.17916437889204218,0.26114535387047827,0.12003993534277965
0.11806587961030057,0.17966902762247486,0.14326972211020197,0.17904506002924717,0.25902396784416126,0.1209263427836153
0.11899538034669722,0.179530819051517,0.1438270872869725,0.17892003582952118,0.25691171913837707,0.12181495834691344
0.11992776211233964,0.17938692886365537,0.14438155588089752,0.1787893297042124,0.25480868132616685,0.1227057421127286
0.12086298531846133,0.17923738275675333,0.1449330856205408,0.17865296582880952,0.2527149265057899,0.12359865396964559
0.12180101008543738,0.17908220718047016,0.14548163468386607,0.1785109691344392,0.25063052529214885,0.12449365362363674
0.12274179625141664,0.1789214293272208,0.14602716170655392,0.1783633652991299,0.24855554680873657,0.12539070060694063
0.1236853033810067,0.178755077122918,0.1465696257901398,0.1782101807388722,0.24649005868010418,0.12628975428695935
0.12463149077401132,0.17858317921751837,0.14710898650996282,0.17805144259846106,0.24443412702486958,0.12719077387517336
0.1255803174742138,0.17840576497536403,0.1476452039229386,0.17788717874215015,0.24238781644925733,0.12809371843607545
0.12653174227819816,0.1782228644653288,0.1481782385751303,0.17771741774409366,0.2403511900411512,0.1289985468960982
0.12748572374421532,0.17803450845078259,0.14870805150913852,0.17754218887860337,0.23832430936470206,0.12990521805255797
0.12844222020107376,0.17784072837936574,0.14923460427129642,0.17736152211022613,0.23630723445544105,0.130813690582596
0.12940118975706877,0.17764155637259696,0.14975785891866097,0.17717544808362892,0.23430002381593332,0.1317239230521132
0.13036259030892774,0.1774370252152933,0.15027777802581452,0.17698399811331741,0.23230273441194996,0.13263587392469553
0.13132637955078627,0.17722716834485047,0.15079432469146417,0.17678720417319085,0.23031542166917357,0.1335495015705356
0.13229251498317074,0.17701201984033962,0.151307462544837,0.17658509888591772,0.22833813947040765,0.13446476427532691
0.13326095392200393,0.17679161441147045,0.15181715575187277,0.17637771551217624,0.22637094015332593,0.13538162024914957
0.13423165350760993,0.1765659873873983,0.15232336902121726,0.17616508793973112,0.22441387450872177,0.13630002763532323
0.13520457071373163,0.1763351747053917,0.1528260676099968,0.17594725067236652,0.22246699177927692,0.1372199445192367
0.13617966235654458,0.1760992128993751,0.1533252173293983,0.1757242388186889,0.2205303396588449,0.1381413289371499
0.13715688510366694,0.17585813908832781,0.15382078455003334,0.17549608808079112,0.21860396429222576,0.13906413888495414
0.1381361954831684,0.17561199096458222,0.1543127362070932,0.1752628347427941,0.216687910275465,0.13998833232689906
0.13911754989255695,0.17536080678198618,0.1548010398052915,0.175024515659267,0.21478222065662597,0.14091386720427224
0.14010090460776217,0.1751046253439754,0.15528566342360436,0.17478116824353782,0.21288693693707914,0.14184070144404234
0.14108621579209332,0.17484348599152807,0.15576657571978386,0.17453283045589046,0.2110020990732603,0.14276879296744185
0.1420734395051761,0.17457742859103845,0.15624374593467355,0.17427954079167496,0.20912774547893076,0.14369809969850764
0.1430625317118603,0.17430649352208452,0.15671714389630068,0.17402133826930233,0.20726391302789862,0.14462857957255496
0.14405344829110578,0.17403072166512812,0.1571867400237593,0.1737582624181736,0.20541063705722679,0.14556019054460698
0.14504614504482433,0.17375015438912988,0.15765250533088399,0.1734903532665126,0.20356795137090639,0.1464928905977434
0.14604057770669135,0.1734648335390936,0.15811441142970256,0.17321765132912628,0.2017358882439831,0.1474266377514025
0.1470367019509137,0.17317480142354955,0.1585724305336834,0.17294019759510118,0.19991447842715515,0.14836139006959825
0.1480344734009548,0.17288010080197483,0.1590265354607618,0.17265803351542972,0.19810375115180112,0.14929710566907645
0.14903384763821173,0.1725807748721709,0.15947669963616745,0.1723712009905859,0.19630373413547111,0.15023374272739418
0.15003478021064065,0.17227686725758615,0.15992289709502364,0.17207974235804216,0.19451445358779287,0.15117125949091545
0.15103722664132715,0.17196842199460272,0.16036510248474947,0.17178370037975577,0.19273593421683075,0.1521096142827368
0.15204114243700279,0.17165548351979298,0.1608032910672422,0.17148311822959955,0.19096819923584174,0.15304876551052138
0.15304648309649804,0.17133809665714486,0.16123743872086,0.17117803948077281,0.18921127037047006,0.15398867167425206
0.15405320411913193,0.1710163066052689,0.16166752194218545,0.17086850809318424,0.1874651678663307,0.15492929137389522
0.15506126101303577,0.17069015892458633,0.16209351784759135,0.1705545684008092,0.18572991049700613,0.1558705833169734
0.15607060930340377,0.17035969952451108,0.16251540417459057,0.17023626509903197,0.18400551557242192,0.15681250632604066
0.1570812045406796,0.17002497465063074,0.16293315928299665,0.16991364323199137,0.1822919989476216,0.15775501934607533
0.15809300230866177,0.16968603087188566,0.16334676215586386,0.1695867481799122,0.18058937503191147,0.15869808145176176
0.15910595823252682,0.16934291506775595,0.16375619240023856,0.1692556256464388,0.17889765679836406,0.15964165185467702
0.16012002798677882,0.16899567441546387,0.16416143024770188,0.16892032164598142,0.17721685579369614,0.1605856899103748
0.1611351673031225,0.1686443563772026,0.16456245655472335,0.16858088249108585,0.1755469821484966,0.16153015512537222
0.16215133197822587,0.1682890086873706,0.16495925280280646,0.16823735477979576,0.17388804458778306,0.16247500716401816
0.1631684778814267,0.16792967933986422,0.16535180109845227,0.16788978538307578,0.17224005044191273,0.16342020585526537
0.16418656096232634,0.16756641657537852,0.1657400841729245,0.167538221432234,0.17060300565780587,0.1643657111993312
0.16520553725829726,0.16719926886876632,0.16612408538181678,0.167182710306395,0.16897691481048974,0.16531148337423518
0.16622536290189838,0.16682828491643864,0.1665037887044487,0.16682329962001435,0.16736178111495392,0.16625748274224564
0.16724599412819238,0.1664535136238142,0.1668791787430632,0.1664600372104354,0.16575760643830267,0.16720366985619295
0.16826738728196447,0.16607500409282647,0.16725024072184208,0.16609297112549254,0.16416439131219665,0.1681500054656763
0.1692894988248375,0.16569280560949648,0.16761696048574595,0.16572214961118142,0.16258213494558127,0.1690964505231569
0.17031228534228887,0.16530696763155875,0.16797932449916872,0.16534762109937998,0.16101083523768203,0.1700429661899208
0.1713357035505652,0.16491753977617343,0.16833731984442196,0.16496943419563792,0.15945048879126777,0.17098951384193484
0.17235971030347774,0.16452457180770133,0.16869093422004142,0.16458763766703585,0.15790109092616422,0.17193605507557858
0.17338426259911338,0.16412811362556362,0.16904015593892763,0.16420228043012222,0.15636263569302075,0.17288255171325345
0.174409317586411,0.1637282152521873,0.16938497392630925,0.16381341153892132,0.1548351158873054,0.17382896580886667
0.17543483257165102,0.16332492682103034,0.16972537771755639,0.16342108017303023,0.15331852306352967,0.1747752596532023
0.1764607650248159,0.16291829856471074,0.1700613574558155,0.16302533562580343,0.1518128475496958,0.175721395779159
0.1774870725858453,0.16250838080321997,0.17039290388949602,0.1626262272926236,0.15031807846194598,0.17666733696686782
0.17851371307077896,0.1620952239322474,0.17072000836959655,0.16222380465927172,0.14883420371942005,0.17761304624868404
0.17954064447778026,0.16167887841159878,0.17104266284687647,0.16181811729039366,0.14736121005929687,0.17855848691405277
0.18056782499304574,0.1612593947537293,0.17136085986888117,0.16140921481807324,0.14589908305201946,0.17950362251425073
0.18159521299659323,0.1608368235123844,0.1716745925768168,0.16099714693050526,0.14444780711669733,0.1804484168670022
0.1826227670679445,0.16041121527135818,0.17198385470227834,0.16058196336078487,0.14300736553666848,0.18139283406096407
0.18365044599167404,0.15998262063336322,0.17228864056384674,0.16016371387580938,0.1415777404752196,0.18233683846009
0.1846782087628431,0.1595510902090288,0.17258894506353545,0.1597424482652856,0.14015891299144448,0.1832803947078602
0.18570601459232877,0.15911667460602227,0.17288476368311348,0.1593182163308784,0.13875086305625814,0.1842234677313991
0.18673382291199966,0.15867942441829092,0.17317609248029026,0.15889106787545773,0.13735356956851563,0.18516602274544425
0.18776159337981085,0.1582393902154442,0.17346292808477506,0.15846105269248992,0.13596701037127126,0.18610802525620826
0.1887892858847418,0.15779662253225657,0.17374526769421064,0.15802822055554808,0.1345911622681377,0.18704944106510585
0.18981686055163743,0.15735117185831904,0.17402310906998733,0.1575926212079529,0.13322600103975266,0.18799023627235106
0.1908442777459144,0.15690308862781857,0.17429645053293918,0.15715430435255393,0.13187150146033838,0.18893037728043666
0.19187149807814735,0.1564524232094617,0.17456529095892095,0.15671331964164006,0.13052763731435005,0.18986983079748104
0.19289848240853838,0.15599922589654,0.17482962977427996,0.15626971666699266,0.12919438141319747,0.19080856384045453
0.1939251918512562,0.15554354689714078,0.1750894669512157,0.15582354495007586,0.12787170561203784,0.1917465437382746
0.1949515877786605,0.15508543632450592,0.17534480300303562,0.15537485393237357,0.12655958082663651,0.19268373813478673
0.19597763182539682,0.15462494418753575,0.17559563897931438,0.15492369296586822,0.12525797705027134,0.19362011499161108
0.19700328589237895,0.15416212038144642,0.17584197646094274,0.15447011130366803,0.12396686337068942,0.19455564259087363
0.19802851215063855,0.15369701467857672,0.17608381755509905,0.15401415809077915,0.12268620798710038,0.19549028953780653
0.1990532730450601,0.15322967671935456,0.1763211648901121,0.15355588235503337,0.12141597822719796,0.1964240247632402
0.20007753129799832,0.15276015600341233,0.17655402161025346,0.15309533299816389,0.12015614056421121,0.19735681752596274
0.20110124991275932,0.1522885018808582,0.1767823913704264,0.15263255878703383,0.11890666063395959,0.19828863741496164
0.20212439217698897,0.15181476354371545,0.17700627833079585,0.15216760834502085,0.11766750325193015,0.19921945435155114
