0,1,2,3,4,5
0.16915545608954735,0.1527678040328828,0.13309611350042225,0.15510746402854111,0.15862097073227527,0.23125219161633154
0.1691687350502827,0.15303290573868655,0.13365161975110373,0.15533549756860504,0.15879155509253343,0.23001968679878976
0.16917997999975679,0.15329708499204972,0.13420788726223618,0.15556248938398234,0.15896096230482581,0.22879159605715116
0.16918919475122526,0.15356033950448983,0.13476490996910626,0.15578843804244258,0.15912919323796867,0.22756792449476554
0.16919638319882777,0.15382266703505326,0.13532268180662047,0.1560133421626962,0.1592962488145104,0.22634867698229164
0.16920154931685458,0.15408406539015324,0.13588119670959098,0.1562372004141667,0.15946213001032927,0.22513385815890508
0.1692046971590222,0.15434453242341598,0.13644044861302645,0.15646001151675795,0.15962683785424434,0.22392347243353336
0.16920583085773888,0.15460406603551194,0.13700043145241564,0.1566817742406194,0.15979037342760916,0.22271752398610542
0.1692049546233669,0.1548626641739925,0.137561139164007,0.1569024874059031,0.15995273786391287,0.2215160167688178
0.16920207274348772,0.1551203248331132,0.1381225656850898,0.1571221498825222,0.16011393234837507,0.22031895450741246
0.1691971895821539,0.155377046053664,0.13868470495426505,0.15734076058990393,0.16027395811753906,0.21912634070247888
0.16919030957914696,0.15563282592278366,0.1392475509117183,0.15755831849673244,0.1604328164588598,0.21793817863075857
0.1691814372492341,0.15588766257378395,0.1398110974994925,0.15777482262070627,0.16059050871030006,0.21675447134648293
0.16917057718141346,0.1561415541859578,0.1403753386617445,0.15799027202826882,0.1607470362599131,0.21557522168270413
0.1691577340381621,0.15639449898439,0.14094026834501044,0.158204665834353,0.16090240054542582,0.21440043225265867
0.1691429125546874,0.15664649523976745,0.14150588049846685,0.15841800320211663,0.16105660305382744,0.21323010545113424
0.16912611753816567,0.15689754126817737,0.14207216907418088,0.158630283342672,0.16120964532095058,0.2120642434558517
0.16910735386698555,0.15714763543091284,0.142639128027366,0.1588415055148206,0.16136152893105066,0.21090284822886243
0.16908662648999154,0.15739677613426276,0.14320675131662733,0.15905166902477483,0.16151225551638548,0.2097459215179619
0.1690639404257162,0.15764496182930812,0.14377503290420415,0.15926077322587934,0.16166182675679105,0.2085934648580997
0.1690393007616262,0.15789219101171653,0.1443439667562208,0.1594688175183411,0.1618102443792643,0.20744547957282752
0.1690127126533528,0.15813846222152245,0.1449135468429167,0.1596758013489385,0.16195751015753285,0.20630196677573734
0.16898418132392623,0.15838377404291384,0.14548376713888148,0.15988172421073596,0.16210362591162855,0.205162927371914
0.16895371206301277,0.15862812510401506,0.1460546216232901,0.16008658564280373,0.16224859350746929,0.20402836205940902
0.16892131022614643,0.15887151407666228,0.14662610428013167,0.16029038522992073,0.1623924148564181,0.2028982713307206
0.16888698123395904,0.15911393967618137,0.14719820909843032,0.1604931226022859,0.16253509191486928,0.2017726554742754
0.16885073057141467,0.1593554006611576,0.14777093007246916,0.1606947974352187,0.16267662668380795,0.20065151457593194
0.1688125637870391,0.15959589583320957,0.14834426120200842,0.16089540944886696,0.16281702120838623,0.19953484852048992
0.16877248649214985,0.15983542403675174,0.14891819649250082,0.16109495840790355,0.16295627757749026,0.1984226569932039
0.16873050436008571,0.16007398415876228,0.1494927299553006,0.16129344412122393,0.16309439792331148,0.19731493948131332
0.16868662312543975,0.16031157512854594,0.15006785560787653,0.16149086644164518,0.163231384420913,0.19621169527557916
0.1686408485832837,0.16054819591748784,0.1506435674740101,0.16168722526559529,0.16336723928780034,0.19511292347182113
0.1685931865884034,0.16078384553881878,0.1512198595840029,0.16188252053280905,0.1635019647834882,0.19401862297247569
0.16854364305452565,0.16101852304736464,0.15179672597487395,0.1620767522260128,0.163635563209069,0.1929287924881545
0.16849222395354754,0.1612522275392998,0.1523741606905487,0.16226992037061877,0.16376803690677938,0.19184343053920652
0.16843893531476872,0.1614849581518994,0.15295215778206023,0.16246202503440318,0.16389938825956962,0.19076253545729638
0.16838378322412395,0.16171671406328733,0.1535307113077303,0.16265306632719967,0.16402961969067248,0.18968610538698638
0.16832677382341152,0.16194749449217763,0.1541098153333553,0.1628430444005723,0.16415873366316813,0.18861413828731396
0.16826791330952667,0.16217729869762587,0.15468946393239097,0.1630319594475038,0.16428673267955657,0.18754663193339804
0.16820720793369442,0.16240612597876689,0.15526965118612754,0.16321981170206867,0.16441361928132017,0.18648358391802144
0.1681446640007062,0.16263397567455273,0.15585037118386708,0.1634066014391175,0.16453939604849968,0.18542499165325174
0.16808028786815257,0.1628608471634999,0.1564316180230951,0.16359232897395232,0.16466406559925947,0.18437085237204076
0.16801408594565706,0.16308673986341232,0.15701338580964583,0.1637769946619929,0.16478763058945706,0.18332116312983476
0.16794606469411813,0.16331165323112823,0.15759566865787278,0.16396059889846284,0.16491009371221352,0.18227592080620417
0.16787623062494614,0.16353558676224644,0.15817846069080702,0.16414314211805436,0.16503145769748762,0.18123512210645684
0.16780459029930203,0.1637585399908608,0.15876175604031822,0.16432462479460283,0.1651517253116454,0.18019876356327075
0.16773115032734148,0.1639805124892873,0.15934554884726845,0.16450504744075545,0.165270899357031,0.1791668415383198
0.167655917367453,0.16420150386779314,0.15992983326166407,0.16468441060763866,0.1653889826715409,0.1781393522239088
0.1675788981255119,0.16442151377432523,0.16051460344281174,0.16486271488453336,0.16550597812820259,0.1771162916446144
0.16750009935411794,0.16464054189423538,0.16109985355945344,0.16503996089853346,0.16562188863474353,0.17609765565891766
0.16741952785184644,0.16485858794999955,0.16168557778991757,0.16521614931421827,0.16573671713316845,0.17508343996084946
0.1673371904625031,0.16507565170094587,0.16227177032225748,0.16539128083331514,0.16585046659934194,0.17407364008163725
0.1672530940743698,0.16529173294297492,0.1628584253543865,0.16556535619436585,0.16596314004255852,0.17306825139134388
0.1671672456194645,0.1655068315082784,0.16344553709421156,0.16573837617238985,0.16607474050513224,0.17206726910052547
0.1670796520727951,0.16572094726505793,0.16403309975976327,0.16591034157854717,0.16618527106196723,0.17107068826187108
0.16699032045161968,0.16593408011724323,0.1646211075793261,0.16608125325980355,0.1662947348201477,0.17007850377185815
0.1668992578147107,0.16614623000421383,0.16520955479156058,0.16625111209859075,0.16640313491851894,0.16909071037240636
0.16680647126161097,0.16635739690050494,0.16579843564562385,0.16641991901246858,0.16651047452727216,0.16810730265252094
0.1667119679319102,0.1665675808155312,0.16638774440128906,0.1665876749537878,0.1666167568475297,0.1671282750499522
0.16661575500450623,0.1667767817932972,0.16697747532906046,0.1667543809093503,0.16672198511093847,0.1661536218528459
0.166517839696884,0.16698499991211085,0.1675676227102853,0.16692003790006973,0.16682616257925295,0.16518333720139683
0.16641822926438254,0.16719223528429564,0.16815818083726455,0.1670846469806325,0.1669292925439312,0.16421741508949564
0.16631693099947556,0.1673984880559006,0.16874914401335575,0.16724820923915604,0.167031378325725,0.16325584936638612
0.1662139522310558,0.16760375840641667,0.1693405065530802,0.16741072579685431,0.16713242327427982,0.16229863373831216
0.16610930032371315,0.16780804654848067,0.1699322627822202,0.16757219780769217,0.16723243076772587,0.1613457617701677
0.1660029826770191,0.16801135272758827,0.17052440703792035,0.1677326264580497,0.16733140421227824,0.16039722688714672
0.1658950067248242,0.16821367722180156,0.17111693366877676,0.16789201296637515,0.16742934704183932,0.15945302237638387
0.1657853799345443,0.16841502034145886,0.1717098370349336,0.16805035858285722,0.16752626271760043,0.15851314138860628
0.16567410980645733,0.16861538242888222,0.1723031115081702,0.16820766458907285,0.167622154727644,0.15757757693977223
0.16556120387300427,0.16881476385808633,0.17289675147198902,0.1683639322976554,0.16771702658655516,0.15664632191271147
0.16544666969808652,0.1690131650344827,0.1734907513216938,0.16851916305195072,0.1678108818350244,0.1557193690587635
0.16533051487638079,0.169210586394588,0.17408510546447384,0.16867335822568036,0.16790372403946152,0.1547967109994124
0.1652127470326416,0.16940702840573493,0.17467980831948618,0.16882651922260397,0.16799555679160943,0.15387834022792407
0.16509337382101225,0.16960249156576965,0.17527485431792011,0.16897864747617478,0.16808638370815746,0.15296424911096504
0.16497240292434773,0.16979697640276836,0.1758702379030786,0.1691297444492068,0.16817620843035844,0.15205442989024
0.1648498420535308,0.16999048347473375,0.176465953530443,0.16927981163353614,0.168265034623649,0.1511488746841064
0.16472569894679565,0.17018301336930866,0.1770619956677435,0.16942885054968077,0.16835286597727436,0.15024757548919807
0.1645999813690576,0.17037456670347473,0.1776583587950191,0.16957686274650546,0.16843970620390727,0.14935052418203704
0.16447269711123919,0.17056514412326618,0.17825503740468315,0.16972384980088676,0.16852555903927802,0.14845771252064585
0.16434385398961313,0.1707547463034692,0.17885202600158248,0.16986981331737422,0.1686104282418066,0.1475691321461566
0.16421345984513272,0.1709433739473282,0.1794493191030487,0.17001475492785517,0.16869431759222625,0.14668477458440884
0.16408152254278086,0.1711310277862572,0.18004691123895902,0.17015867629122486,0.1687772308932271,0.14580463124754936
0.16394804997091397,0.1713177085795394,0.18064479695178406,0.17030157909304636,0.16885917196908595,0.14492869343562773
0.16381305004061159,0.1715034171140358,0.18124297079663837,0.17044346504522231,0.16894014466531077,0.1440569523381813
0.16367653068503527,0.1716881542038925,0.1818414273413223,0.17058433588565686,0.16902015284827712,0.14318939903581693
0.16353849985878222,0.17187192069024587,0.1824401611663714,0.17072419337793043,0.169099200404877,0.14232602450179266
0.16339896553725233,0.1720547174409308,0.18303916686509794,0.1708630393109665,0.16917729124216624,0.14146681960358715
0.16325793571601277,0.1722365453501826,0.18363843904362612,0.17100087549869816,0.1692544292870129,0.14061177510446723
0.16311541841017013,0.172417405338355,0.18423797232092967,0.17113770377974585,0.16933061848574774,0.1397608816650491
0.16297142165374856,0.17259729835161647,0.18483776132887103,0.17127352601708254,0.1694058628038266,0.1389141298448524
0.16282595349906356,0.17277622536166665,0.18543780071222749,0.17140834409771288,0.16948016622548245,0.13807151010384908
0.1626790220161078,0.1729541873654373,0.18603808512872116,0.17154215993233987,0.16955353275338592,0.13723301280400738
0.16253063529194586,0.17313118538481076,0.18663860924905284,0.17167497545504828,0.16962596640831562,0.13639862821082702
0.1623808014300983,0.17330722046632135,0.18723936775691893,0.17180679262297432,0.16969747122881773,0.13556834649486954
0.16222952854994308,0.17348229368086873,0.18784035534904162,0.17193761341598446,0.16976805127088107,0.13474215773328038
0.1620768247861165,0.17365640612342936,0.1884415667351819,0.17206743983635567,0.16983771060760677,0.13392005191130887
0.16192269828791803,0.1738295589127667,0.18904299663816726,0.17219627390845263,0.16990645332888227,0.13310201892381382
0.1617671572187221,0.17400175319114042,0.1896446397938992,0.1723241176784077,0.16997428354106403,0.13228804857676857
0.16161020975539037,0.17417299012402493,0.19024649095137197,0.17245097321380648,0.17004120536665537,0.13147813058875504
0.16145186408769174,0.17434327089981477,0.19084854487268557,0.1725768426033641,0.17010722294399094,0.13067225459245277
