0,1,2,3,4,5
0.16604665380873923,0.17246162668787024,0.17168562928058004,0.16571566397533932,0.15936960518281362,0.1647208210646564
0.16614252389627202,0.17164197304546472,0.17098095994955387,0.16585532586385685,0.16038123987832847,0.16499797736652339
0.16623555819344873,0.170823976924664,0.1702759829447121,0.1659930510270243,0.16139747028572202,0.1652739606244265
0.16632574690646193,0.17000764452613765,0.16957072365810782,0.1661288267667923,0.16241829827139131,0.16554875987111134
0.16641308040799155,0.16919298207266734,0.16886520744104958,0.16626264046226552,0.16344372549727806,0.1658223641187499
0.16649754923888863,0.16837999580844412,0.16815945960230552,0.16639447957139336,0.16447375341950837,0.1660947623594605
0.1665791441098379,0.1675686919983466,0.1674535054063071,0.1665243316326531,0.1655083832870326,0.16636594356582385
0.16665785590299462,0.16675907692721031,0.1667473700713507,0.16665218426672532,0.16654761614029442,0.16663589669142295
0.1667336756736224,0.16595115689908713,0.16604107876781563,0.16677802517816837,0.16759145280991433,0.16690461067139117
0.16680659465169406,0.16514493823649132,0.16533465661636654,0.16690184215708428,0.16863989391539064,0.1671720744229717
0.16687660424348996,0.16434042727963824,0.16462812868617396,0.16702362308078214,0.16969293986382336,0.16743827684609233
0.16694369603316622,0.16353763038567015,0.1639215199931316,0.1671433559154296,0.1707505908486515,0.1677032068239525
0.16700786178431432,0.1627365539278728,0.16321485549807552,0.1672610287177027,0.1718128468484139,0.16796685322362012
0.1670690934414938,0.16193720429488323,0.1625081601050148,0.16737662963642835,0.17287970762553315,0.16822920489664808
0.16712738313174716,0.1611395878898836,0.16180145865935264,0.16749014691421346,0.1739511727251119,0.16849025067969167
0.16718272316609836,0.16034371112979245,0.16109477594612534,0.16760156888907546,0.1750272414737549,0.16874997939515213
0.16723510604102407,0.15954958044444065,0.16038813668823954,0.1677108839960557,0.17610791297841527,0.16900837985182204
0.16728452443991104,0.1587572022757423,0.15968156554470883,0.16781808076883237,0.17719318612525603,0.1692654408455502
0.167330971234484,0.15796658307685088,0.15897508710890418,0.16792314784131437,0.17828305957853582,0.16952115115991157
0.16737443948622283,0.1571777293113164,0.15826872590680238,0.16802607394923993,0.17937753177951932,0.16977549956690016
0.16741492244774572,0.1563906474522256,0.15756250639524413,0.16812684793174973,0.1804766009454064,0.17002847482762593
0.16745241356417856,0.15560534398133996,0.15685645296019413,0.1682254587329667,0.1815802650682926,0.17028006569302753
0.16748690647449585,0.15482182538821995,0.15615058991500666,0.1683218954035473,0.1826885219141355,0.17053026090459386
0.16751839501283838,0.15404009816934652,0.1554449414987002,0.1684161471022392,0.18380136902176716,0.17077904919510675
0.16754687320981723,0.15326016882723612,0.15473953187423278,0.1685082030974161,0.18491880370191388,0.1710264192893832
0.16757233529377313,0.15248204386954248,0.1540343851267883,0.16859805276860787,0.18604082303624503,0.17127235990504194
0.16759477569203432,0.15170572980815572,0.1533295252620688,0.16868568560801386,0.18716742387645147,0.17151685975327377
0.16761418903213263,0.15093123315829807,0.15262497620458654,0.16877109122200923,0.18829860284334257,0.17175990753962875
0.16763057014300298,0.15015856043760456,0.15192076179597508,0.16885425933263448,0.18943435632597175,0.17200149196481215
0.16764391405614976,0.1493877181652046,0.15121690579329297,0.16893517977907443,0.19057468048078524,0.1722416017254949
0.16765421600679928,0.14861871286079598,0.15051343186734953,0.1690138425191236,0.19171957123080086,0.17248022551513353
0.1676614714350126,0.14785155104371062,0.14981036360102698,0.16909023763063746,0.19286902426480856,0.1727173520248038
0.16766567598677973,0.1470862392319812,0.14910772448761572,0.16916435531297425,0.19402303503660207,0.17295296994404544
0.1676668255150843,0.14632278394139317,0.1484055379291565,0.1692361858884143,0.19518159876423363,0.17318706796171937
0.16766491608093925,0.14556119168453863,0.14770382723478795,0.16930571980357081,0.1963447104292951,0.17341963476686953
0.167659943954397,0.1448014689698665,0.14700261561911182,0.16937294763078398,0.19751236477623219,0.1736506590496091
0.16765190561553378,0.14404362230072226,0.14630192620055507,0.16943786006950606,0.19868455631167922,0.17388012950200413
0.1676407977553973,0.14328765817438954,0.14560178199974885,0.1695004479476558,0.19986127930382747,0.1741080348189791
0.16762661727693678,0.1425335830811237,0.14490220593791647,0.16956070222297717,0.20104252778181994,0.17433436369922753
0.1676093612958903,0.1417814035031826,0.14420322083526607,0.16961861398436298,0.2022282955351701,0.17455910484612877
0.16758902714166102,0.1410311259138561,0.14350484940939826,0.16967417445317634,0.20341857611321618,0.17478224696869155
0.16756561235814368,0.1402827567764907,0.14280711427372442,0.16972737498454768,0.2046133628246035,0.17500377878249282
0.16753911470453353,0.1395363025435093,0.1421100379358868,0.16977820706865882,0.20581264873678665,0.17522368901062665
0.16750953215610595,0.1387917696554328,0.14141364279620133,0.16982666233200489,0.20701642667557468,0.17544196638467993
0.1674768629049593,0.13804916453989635,0.14071795114610294,0.1698727325386457,0.20822468922469772,0.17565859964569738
0.1674411053607263,0.13730849361066344,0.14002298516660588,0.1699164095914332,0.20943742872540028,0.1758735775451708
0.1674022581512626,0.13656976326663578,0.1393287669267717,0.16995768553322158,0.21065463727607656,0.17608688884603202
0.1673603201232947,0.13583297989087048,0.1386353183821949,0.16999655254806353,0.21187630673191976,0.176298522323656
0.16731529034304615,0.13509814984958446,0.13794266137349448,0.17003300296238233,0.21310242870461604,0.17650846676687618
0.16726716809681796,0.1343652794911646,0.13725081762482114,0.17006702924612815,0.21433299456206092,0.17671671097900454
0.1672159528915553,0.13363437514517526,0.1365598087423783,0.17009862401391515,0.2155679954281099,0.17692324377886556
0.16716164445536338,0.1329054431213648,0.13586965621294908,0.17012778002613607,0.2168074221823509,0.17712805400183618
0.16710424273800464,0.1321784897086719,0.13518038140244507,0.17015449019006038,0.21805126545992673,0.17733113050089308
0.16704374791135723,0.13145352117423262,0.13449200555446397,0.17017874756091061,0.2192995156513642,0.1775324621476705
0.16698016036984042,0.13073054376238563,0.13380454978885864,0.17020054534292245,0.22055216290246005,0.17773203783353209
0.1669134807308112,0.1300095636936801,0.13311803510032597,0.17021987689037527,0.22180919711417196,0.17792984647063823
0.16684370983491734,0.12929058716387964,0.13243248235700147,0.17023673570861164,0.22307060794255895,0.17812587699302757
0.16677084874643516,0.1285736203429781,0.13174791229907998,0.17025111545503502,0.22433638479875428,0.17832011835771724
0.16669489875355312,0.1278586693741982,0.1310643455374354,0.17026300994007335,0.22560651684895025,0.17851255954578749
0.16661586136863715,0.1271457403730109,0.13038180255227125,0.1702724131281421,0.2268809930144412,0.17870318956349507
0.166533738328455,0.1264348394261434,0.12970030369177465,0.1702793191385702,0.22815980197167648,0.17889199744337972
0.16644853159436535,0.12572597259059246,0.12901986917079084,0.1702837222465069,0.2294429321523564,0.17907897224538719
0.16636024335247962,0.12501914589264393,0.12834051906951352,0.170285616883814,0.23073037174355973,0.17926410305799254
0.1662688760137827,0.12431436532688572,0.12766227333218627,0.17028499763992355,0.2320221086878907,0.17944737899933205
0.16617443221422346,0.12361163685523478,0.12698515176582933,0.1702818592626883,0.23331813068368246,0.17962878921834177
0.16607691481476913,0.12291096640595603,0.12630917403897057,0.17027619665919747,0.23461842518520218,0.17980832289590146
0.16597632690142486,0.12221235987269215,0.1256343596804033,0.1702680048965738,0.23592297940292073,0.17998596924598592
0.1658726717852171,0.12151582311348955,0.1249607280779554,0.1702572792027471,0.23723178030377604,0.18016171751681676
0.16576595300214952,0.1208213619498364,0.12428829847727632,0.1702440149672086,0.23854481461150265,0.18033555699202616
0.16565617431311447,0.12012898216569741,0.12361708998064502,0.1702282077417388,0.2398620688069804,0.1805074769918238
0.1655433397037775,0.11943868950655567,0.12294712154578642,0.1702098532411108,0.2411835291286076,0.18067746687416292
0.1654274533844191,0.11875048967845565,0.12227841198471921,0.17018894734377094,0.24250918157271278,0.18084551603592033
0.16530851978975283,0.11806438834705925,0.12161097996260643,0.17016548609250273,0.24383901189400684,0.1810116139140746
0.16518654357869575,0.11738039113669158,0.1209448439966337,0.17013946569505234,0.2451730056060437,0.1811757499868856
0.16506152963411344,0.11669850362940737,0.12028002245490595,0.17011088252474646,0.24651114798173773,0.18133791377508954
0.16493348306252728,0.11601873136405337,0.11961653355535928,0.1700797331210754,0.24785342405390084,0.18149809484308393
0.16480240919378383,0.11534107983533778,0.11895439536468903,0.1700460141902573,0.2491998186158059,0.1816562828001251
0.16466831358069534,0.11466555449290484,0.11829362579730646,0.17000972260577452,0.25055031622179197,0.1818124673015264
0.16453120199863738,0.1139921607404186,0.11763424261430315,0.1699708554088901,0.25190490118789854,0.18196663804985239
0.16439108044512146,0.11332090393464761,0.11697626342244179,0.16992940980913565,0.25326355759252134,0.18211878479613444
0.16424795513932225,0.11265178938455937,0.11631970567316557,0.16988538318477844,0.25462626927711285,0.18226889734105972
0.16410183252158272,0.11198482235042273,0.11566458666162673,0.16983877308326364,0.25599301984690864,0.18241696553619474
0.16395271925286736,0.11132000804290948,0.11501092352573263,0.1697895772216278,0.25736379267167814,0.18256297928518508
0.16380062221420183,0.11065735162221171,0.11435873324521528,0.1697377934868923,0.2587385708865127,0.18270692854496526
0.1636455485060591,0.10999685819716112,0.11370803264072167,0.1696834199364323,0.26011733739264736,0.18284880332697898
0.16348750544772261,0.10933853282435657,0.11305883837291779,0.16962645479831825,0.2615000748582995,0.18298859369838452
0.16332650057661235,0.10868238050730004,0.11241116694162409,0.1695668964716337,0.2628867657195582,0.18312628978327275
0.16316254164757393,0.1080284061955383,0.11176503468496045,0.16950474352676878,0.26427739218127727,0.1832618817638798
0.1629956366321399,0.10737661478381626,0.11112045777852132,0.16943999470569332,0.2656719362180265,0.18339535988180403
0.16282579371774814,0.10672701111123231,0.11047745223456365,0.16937264892219084,0.26707037957504803,0.1835267144392174
0.1626530213069359,0.10607959996040812,0.10983603390122407,0.16930270526208888,0.26847270376925714,0.18365593580008407
0.16247732801649425,0.10543438605666491,0.1091962184617524,0.1692301629834473,0.2698788900902703,0.18378301439137365
0.1622987226765904,0.10479137406720336,0.10855802143376439,0.1691550215167282,0.27128891960144713,0.18390794070426647
0.16211721432985815,0.10415056860030297,0.10792145816852425,0.16907728046494375,0.2727027731409918,0.1840307052953803
0.16193281223045278,0.10351197420451871,0.10728654385023932,0.16899693960377316,0.2741204313230457,0.18415129878796713
0.161745525843077,0.10287559536789515,0.10665329349538577,0.16891399888166314,0.2755418745388428,0.18426971187313562
0.1615553648419688,0.1022414365171861,0.10602172195204566,0.16882845841989302,0.2769670829578622,0.18438593531104117
0.1613623391098637,0.10160950201708606,0.10539184389927743,0.16874031851262633,0.2783960365290363,0.18449995993211105
0.161166458736914,0.10097979616946662,0.1047636738464984,0.16864957962692836,0.2798287149819611,0.18461177663823095
0.16096773401959058,0.10035232321263084,0.10413722613289723,0.16855624240276795,0.2812650978281567,0.18472137640395614
