0,1,2,3,4,5
0.15897616823300434,0.1400887561499729,0.17833805874272535,0.1873569207046427,0.17608892909660306,0.15915116707305024
0.15917647382349567,0.14068260630086055,0.17807141490884582,0.1868423726499924,0.17588640489626794,0.15934072742053748
0.15937608927548835,0.14127861181624457,0.177804053000935,0.1863286812540323,0.17568266223275408,0.15952990242054593
0.15957500944731823,0.1418767780097139,0.17753597525627265,0.18581584545153815,0.17547770356911638,0.15971868826603963
0.15977322918533535,0.14247711018091813,0.17726718391807356,0.18530386418480144,0.17527153139438453,0.1599070811364884
0.1599707433240883,0.14307961361530858,0.1769976812356502,0.1847927364033802,0.17506414822361074,0.16009507719796287
0.1601675466865234,0.1436842935838925,0.1767274694645769,0.18428246106386775,0.17485555659790822,0.1602826726032303
0.1603636340841765,0.1442911553429761,0.17645655086685208,0.18377303712965704,0.17464575908449065,0.16046986349184925
0.16055900031736425,0.14490020413390786,0.17618492771105312,0.18326446357070997,0.17443475827671126,0.1606566459902528
0.1607536401753834,0.14551144518282366,0.17591260227250025,0.18275673936334047,0.17422255679409726,0.16084301621185432
0.1609475484367065,0.14612488370038698,0.17563957683340764,0.1822498634899827,0.17400915728238392,0.16102897025713053
0.1611407198691787,0.14674052488153064,0.17536585368304203,0.18174383493898869,0.17379456241354593,0.16121450421371647
0.16133314923021438,0.1473583739051917,0.17509143511787006,0.18123865270440315,0.1735787748858282,0.16139961415649362
0.16152483126700312,0.1479784359340534,0.17481632344171544,0.18073431578576737,0.1733617974237743,0.16158429614768716
0.1617157607167032,0.1486007161142795,0.17454052096590675,0.18023082318790876,0.1731436327782519,0.1617685462369492
0.16190593230664882,0.14922521957524598,0.1742640300094241,0.17972817392074478,0.17292428372648,0.161952360461455
0.1620953407545502,0.14985195142927932,0.17398685289904658,0.17922636699908823,0.1727037530720468,0.1621357348459884
0.16228398076869818,0.15048091677138198,0.17370899196949632,0.17872540144245355,0.17248204364493638,0.1623186654030355
0.16247184704816656,0.1511121206789666,0.1734304495635845,0.17822527627487142,0.17225915830154423,0.16250114813286706
0.1626589342830246,0.15174556821158455,0.17315122803235114,0.17772599052470883,0.17203509992469637,0.16268317902363477
0.16284523715453697,0.15238126441065122,0.172871329735204,0.17722754322448306,0.1718098714236665,0.16286475405145595
0.1630307503353769,0.15301921429917384,0.17259075704006216,0.17672993341069748,0.17158347573418822,0.16304586918050162
0.16321546848983096,0.15365942288147377,0.17230951232348785,0.17623316012365894,0.1713559158184678,0.16322652036308208
0.16339938627401351,0.15430189514290993,0.17202759797082326,0.17573722240731812,0.17112719466519635,0.16340670353974082
0.16358249833607336,0.15494663604960185,0.17174501637632741,0.17524211930910397,0.17089731528955798,0.16358641463933346
0.16376479931641189,0.15559365054814905,0.17146176994330914,0.1747478498797667,0.17066628073323878,0.16376564957912007
0.16394628384789267,0.1562429435653494,0.17117786108425515,0.1742544131732226,0.17043409406443139,0.16394440426485032
0.16412694655605248,0.15689452000791174,0.17089329222095526,0.1737618082463927,0.17020075837783766,0.16412267459084548
0.164306782059328,0.1575483847621825,0.17060806578464646,0.1732700341590733,0.16996627679467916,0.1643004564400914
0.16448578496925728,0.1582045426938474,0.17032218421611972,0.17277908997377456,0.16973065246268568,0.16447774568431595
0.1646639498907107,0.15886299864765108,0.17003564996586,0.17228897475558955,0.16949388855610695,0.1646545381840798
0.16484127142210328,0.15952375744711053,0.1697484654941648,0.17179968757205702,0.16925598827570562,0.16483082978886035
0.16501774415561396,0.16018682389421626,0.1694606332712628,0.17131122749302455,0.16901695484875207,0.165006616337132
0.1651933626774095,0.16085220276914997,0.16917215577744227,0.17082359359052474,0.16877679152902145,0.16518189365645558
0.16536812156786343,0.1615198988299833,0.1688830355031619,0.17033678493864154,0.16853550159678937,0.16535665756355894
0.16554201540178487,0.16218991681239245,0.16859327494917836,0.16985080061340077,0.16829308835882098,0.16553090386442323
0.1657150387486334,0.16286226142935123,0.1683028766266542,0.16936563969263793,0.1680495551483617,0.165704628354363
0.16588718617275217,0.16353693737084218,0.1680118430572765,0.16888130125589268,0.16780490532512676,0.16587782681811
0.1660584522335921,0.16421394930355487,0.1677201767733713,0.16839778438429423,0.16755914227528987,0.16605049502989966
0.16622883148593584,0.16489330187058096,0.167427880318013,0.1679150881604532,0.16731226941146843,0.16622262875354699
0.16639831848013387,0.16557499969112238,0.16713495624514035,0.167433211668357,0.16706429017271093,0.16639422374253798
0.16656690776232388,0.16625904736017572,0.1668414071196586,0.16695215399327054,0.16681520802447256,0.16656527574010094
0.16673459387467215,0.16694544944823508,0.16654723551755185,0.16647191422163563,0.16656502645860774,0.1667357804792971
0.16690137135559605,0.1676342105009863,0.16625244402599118,0.1659924914409816,0.1663137489933454,0.16690573368309874
0.16706723474000615,0.16832533503899572,0.16595703524343594,0.16551388473982917,0.16606137917326505,0.16707513106447197
0.16723217855952843,0.16901882755739672,0.16566101177973785,0.16503609320760318,0.165807920569281,0.1672439683264528
0.16739619734275446,0.16971469252559107,0.16536437625624625,0.16455911593455397,0.1655533767786158,0.16741224116223788
0.16755928561546418,0.17041293438692398,0.16506713130590778,0.16408295201166903,0.16529775142477596,0.16757994525525793
0.16772143790087085,0.17111355755837893,0.16476927957336626,0.1636076005306003,0.16504104815752693,0.16774707627925983
0.16788264871985592,0.17181656643025595,0.16447082371505556,0.16313306058358393,0.16478327065285941,0.16791362989838757
0.16804291259121223,0.172521965365861,0.164171766399308,0.16265933126337795,0.16452442261297337,0.1680796017672673
0.16820222403188045,0.1732297587011832,0.16387211030643792,0.16218641166318365,0.16426450776623508,0.16824498753107847
0.16836057755719752,0.1739399507445755,0.16357185812884353,0.16171430087658645,0.16400352986715416,0.16840978282564234
0.16851796768113017,0.17465254577643594,0.16327101257109589,0.16124299799749078,0.163741492696347,0.16857398327749915
0.16867438891652786,0.17536754804888433,0.16296957635003181,0.160772502120065,0.1634784000605065,0.16873758450398688
0.1688298357753624,0.17608496178543262,0.16266755219484288,0.16030281233867819,0.16321425579236187,0.16890058211332057
0.16898430276897936,0.17680479118066847,0.16236494284716774,0.15983392774785504,0.16294906375065019,0.16906297170467907
0.1691377844083413,0.1775270403999218,0.1620617510611728,0.15936584744221924,0.1626828278200714,0.169224748868276
0.16929027520427584,0.1782517135789358,0.16175797960364283,0.15889857051644782,0.16241555191125415,0.16938590918544288
0.16944176966773225,0.17897881482354272,0.16145363125406634,0.15843209606523015,0.16214723996071606,0.1695464482287126
0.16959226231002414,0.17970834820932186,0.16114870880471632,0.15796642318322152,0.16187789593082075,0.169706361561894
0.16974174764308758,0.18044031778127928,0.16084321506073454,0.15750155096500745,0.16160752380973734,0.16986564474015484
0.16989022017973107,0.18117472755350214,0.16053715284020786,0.15703747850506622,0.16133612761139665,0.17002429331009747
0.1700376744338902,0.18191158150882905,0.1602305249742521,0.15657420489773616,0.16106371137544745,0.17018230280984575
0.1701841049208874,0.18265088359850942,0.15992333430709046,0.15611172923718566,0.1607902791672112,0.17033966876911802
0.17032950615768155,0.1833926377418653,0.15961558369612427,0.15565005061738413,0.1605158350776342,0.17049638670930903
0.17047387266313413,0.184136847825954,0.1593072760120156,0.15518916813208097,0.1602403832232414,0.17065245214357466
0.17061719895825897,0.1848835177052187,0.15899841413875657,0.15472908087477594,0.15996392774608578,0.17080786057690273
0.17075947956649143,0.18563265120115297,0.15868900097374244,0.15426978793870644,0.15968647281370196,0.1709626075062021
0.17090070901394538,0.18638425210195073,0.1583790394278453,0.15381128841682784,0.15940802261905274,0.17111668842037958
0.1710408818296734,0.18713832416216122,0.1580685324254808,0.15335358140179492,0.1591285813804744,0.1712700988004153
0.1711799925459374,0.18789487110234088,0.15775748290467922,0.15289666598595694,0.15884815334162986,0.17142283411945275
0.17131803569846787,0.18865389660870696,0.15744589381715432,0.15244054126134535,0.1585667427714521,0.17157488984287578
0.17145500582673068,0.18941540433278015,0.15713376812836277,0.15198520631966017,0.15828435396408436,0.17172626142838313
0.17159089747419537,0.19017939789103983,0.15682110881757721,0.15153066025227666,0.15800099123883307,0.17187694432608025
0.1717257051886052,0.19094588086456296,0.15650791887794463,0.15107690215023467,0.15771665894010128,0.17202693397855218
0.171859423522244,0.1917148567986752,0.1561942013165482,0.15062393110424133,0.15743136143733702,0.1721762258209504
0.17199204703221,0.19248632920259245,0.15587995915447236,0.15017174620467616,0.15714510312497357,0.17232481528107607
0.17212357028068123,0.1932603015490588,0.15556519542685573,0.149720346541588,0.1568578884223636,0.17247269777945118
0.172253987835198,0.19403677727399252,0.15524991318295644,0.14926973120471332,0.15656972177372586,0.17261986872941554
0.1723832942689297,0.19481575977611926,0.15493411548620104,0.14881989928347433,0.1562806076480748,0.17276632353720012
0.17251148416095394,0.19559725241661832,0.15461780541424713,0.1483708498669991,0.1559905505391666,0.1729120576020136
0.172638552096533,0.19638125851874821,0.15430098605903422,0.14792258204413009,0.15569955496542626,0.1730570663161259
0.17276449266739036,0.19716778136748841,0.15398366052683737,0.14747509490344193,0.15540762546988943,0.17320134506495125
0.1728893004719902,0.1979568242091705,0.15366583193831512,0.1470283875332604,0.15511476662013132,0.17334488922713112
0.17301297011581937,0.19874839025110977,0.15334750342856665,0.14658245902167918,0.15482098300820168,0.17348769417462245
0.17313549621166532,0.1995424826612352,0.15302867814717339,0.1461373084565862,0.1545262792505587,0.1736297552727789
0.1732568733799024,0.20033910456771906,0.15270935925825202,0.14569293492568522,0.15423065998799748,0.1737710678804419
0.1733770962487742,0.20113825905860697,0.1523895499404979,0.14524933751652228,0.1539341298855792,0.17391162735001883
0.17349615945467534,0.2019399491814367,0.1520692533872292,0.14480651531651428,0.1536366936325667,0.1740514290275757
0.17361405764244564,0.20274417794287306,0.15174847280643275,0.1443644674129799,0.1533383559423439,0.17419046825292386
0.17373078546564835,0.20355094830831957,0.1514272114208057,0.1439231928931711,0.1530391215523503,0.17432874035970403
0.1738463375868632,0.20436026320155184,0.1511054724677938,0.1434826908443049,0.15273899522400403,0.17446624067547947
0.17396070867797908,0.20517212550433195,0.15078325919963545,0.14304296035360375,0.15243798174263,0.1746029645218202
0.17407389342047672,0.2059865380560255,0.1504605748833941,0.14260400050832886,0.15213608591737887,0.17473890721439475
0.17418588650572991,0.20680350365322653,0.15013742280100073,0.14216581039582146,0.1518333125811597,0.17487406406306102
0.1742966826352922,0.2076230250493669,0.1498138062492859,0.14172838910354482,0.15152966659055522,0.1750084303719547
0.1744062765211928,0.2084451049543365,0.14948972854001505,0.14129173571912562,0.151225152825748,0.17514200143958297
0.174514662886236,0.20926974603409246,0.14916519299991945,0.1408558493303976,0.15091977619043845,0.17527477255891402
0.17462183646429338,0.21009695091027716,0.14884020297073156,0.14042072902545238,0.15061354161176896,0.17540673901747428
