0,1,2,3,4,5
0.1677234377906554,0.1595245064628039,0.17186017546149426,0.15905943474892584,0.17290056102714316,0.16893188450897573
0.16768222864606858,0.15982054531002918,0.17164548589743645,0.15937194325311632,0.17263745622183757,0.16884234067150894
0.16764077784993558,0.1601166856718988,0.17143067182162613,0.15968479330882815,0.17237468608337675,0.1687523852643365
0.16759908580877866,0.1604129261775823,0.17121573431430592,0.15999798483263203,0.17211224987310772,0.1686620189935943
0.16755715293018786,0.1607092654513056,0.1710006744553634,0.1603115177396368,0.1718501468583945,0.16857124256511058
0.16751497962280268,0.16100570211235363,0.17078549332433057,0.1606253919434953,0.17158837631258378,0.1684800566844304
0.1674725662962969,0.1613022347750838,0.17057019200039114,0.1609396073564076,0.17132693751497907,0.16838846205683958
0.1674299133613609,0.16159886204892712,0.17035477156237896,0.16125416388912744,0.17106582975081508,0.1682964593873921
0.16738702122968988,0.16189558253839964,0.1701392330887824,0.16156906145096772,0.17080505231122867,0.16820404938093225
0.16734389031396615,0.16219239484310982,0.1699235776577527,0.1618842999498097,0.17054460449323536,0.16811123274212686
0.16730052102784668,0.16248929755776675,0.16970780634709964,0.1621998792921057,0.17028448559969947,0.16801801017548418
0.16725691378594157,0.1627862892721853,0.1694919202342979,0.16251579938288493,0.17002469493930722,0.16792438238538238
0.16721306900380703,0.16308336857129957,0.16927592039648962,0.16283206012576212,0.16976523182654416,0.1678303500760954
0.16716898709792605,0.16338053403516828,0.16905980791048517,0.163148661422942,0.16950609558166077,0.167735913951818
0.1671246684856925,0.16367778423897966,0.16884358385276457,0.1634656031752252,0.1692472855306508,0.16764107471668724
0.16708011358539684,0.1639751177530692,0.16862724929948417,0.16378288528201632,0.16898880100522218,0.1675458330748147
0.16703532281621228,0.16427253314291682,0.16841080532647096,0.1641005076413262,0.16873064134277085,0.16745018973030318
0.16699029659818032,0.16457002896916775,0.16819425300923202,0.1644184701497846,0.16847280588635508,0.1673541453872812
0.1669450353521941,0.16486760378763227,0.16797759342295107,0.1647367727026405,0.168215293984665,0.16725770074991883
0.1668995394999827,0.1651652561492989,0.16776082764249015,0.1650554151937723,0.16795810499199681,0.16716085652245874
0.1668538094641019,0.16546298460034545,0.16754395674239272,0.1653743975156913,0.16770123826823027,0.1670636134092389
0.166807845667911,0.16576078768214253,0.16732698179688266,0.16569371955955292,0.16744469317879174,0.16696597211471642
0.166761648535567,0.1660586639312712,0.167109903879869,0.16601338121515855,0.16718846909464047,0.16686793334349523
0.16671521849200274,0.16635661187952344,0.16689272406493869,0.16633338237096312,0.16693256539222764,0.16676949780034436
0.166668555962916,0.1666546300539212,0.16667544342536647,0.1666537229140843,0.16667698145347948,0.1666706661902321
0.16662166137475581,0.166952716976721,0.1664580630341103,0.16697440273030795,0.16642171666576658,0.16657143921833983
0.16657453515470394,0.16725087116542395,0.16624058396381025,0.16729542170409292,0.16616677042187555,0.16647181759009366
0.16652717773066583,0.16754909113278837,0.16602300728679217,0.16761677971858177,0.1659121421199847,0.1663718020111873
0.16647958953125094,0.16784737538683944,0.16580533407506506,0.16793847665560466,0.1656578311636351,0.16627139318760453
0.1664317709857634,0.16814572243088086,0.16558756540032518,0.16826051239568698,0.16540383696170677,0.1661705918256432
0.16638372252418163,0.16844413076349887,0.16536970233394666,0.16858288681805556,0.16515015892838225,0.1660693986319391
0.16633544457715127,0.16874259887858503,0.16515174594699086,0.16890559980064904,0.16489679648313318,0.16596781431349245
0.16628693757596452,0.16904112526533868,0.16493369731020166,0.169228651220121,0.1646437490506841,0.16586583957769035
0.16623820195255054,0.16933970840827786,0.16471555749400335,0.16955204095185147,0.16439101606098816,0.16576347513232828
0.16618923813945854,0.16963834678725506,0.16449732756850138,0.16987576886994848,0.16413859694919883,0.16566072168563725
0.16614004656984624,0.16993703887746522,0.1642790086034806,0.17019983484726173,0.1638864911556446,0.16555757994630313
0.1660906276774602,0.1702357831494571,0.1640606016684047,0.17052423875538153,0.1636346981257995,0.1654540506234928
0.16604098189663183,0.17053457806915162,0.1638421078324158,0.17084898046465802,0.16338321731026176,0.16535013442687918
0.16599110966225208,0.17083342209784244,0.16362352816433082,0.1711740598441993,0.1631320481647193,0.16524583206665916
0.16594101140976497,0.17113231369221554,0.16340486373263882,0.17149947676187804,0.16288119014992525,0.1651411442535798
0.16589068757515,0.1714312513043597,0.1631861156055043,0.17182523108434788,0.16263064273167505,0.16503607169896245
0.16584013859491464,0.17173023338177945,0.1629672848507606,0.17215132267704275,0.16238040538077522,0.1649306151147245
0.1657893649060694,0.17202925836740798,0.16274837253591107,0.17247775140419017,0.1621304775730183,0.16482477521340036
0.16573836694612437,0.17232832469961484,0.1625293797281258,0.17280451712881462,0.16188085878915442,0.16471855270816627
0.16568714515306943,0.1726274308122236,0.1623103074942351,0.17313161971274765,0.161631548514863,0.16461194831286077
0.16563569996536404,0.17292657513452306,0.16209115690073544,0.17345905901663547,0.1613825462407321,0.16450496274201132
0.16558403182191997,0.173225756091281,0.16187192901377995,0.173786834899946,0.16113385146222417,0.1643975967108493
0.16553214116209133,0.1735249721027555,0.16165262489918117,0.1741149472209803,0.160885463679654,0.16428985093534107
0.1654800284256589,0.1738242215847082,0.1614332456224013,0.17444339583687243,0.16063738239815692,0.1641817261322022
0.16542769405281751,0.1741235029484218,0.16121379224855736,0.17477218060360836,0.1603896071276697,0.16407322301892485
0.1653751384841606,0.1744228146007092,0.16099426584241316,0.1751013013760285,0.16014213738289582,0.16396434231379486
0.16532236216066748,0.17472215494392426,0.16077466746837565,0.17543075800783045,0.15989497268328148,0.16385508473591767
0.16526936552369476,0.17502152237598628,0.16055499819049673,0.17576055035159152,0.15964811255299194,0.16374545100523996
0.16521614901495235,0.17532091529038143,0.16033525907246218,0.17609067825876035,0.1594015565208782,0.1636354418425637
0.16516271307650196,0.17562033207618682,0.16011545117759682,0.17642114157967828,0.15915530412045614,0.16352505796958117
0.16510905815073315,0.17591977111807583,0.1598955755688524,0.17675194016358262,0.1589093548898755,0.1634143001088792
0.16505518468035904,0.17621923079634402,0.15967563330881193,0.17708307385861466,0.1586637083718962,0.1633031689839763
0.16500109310839575,0.17651870948690934,0.15945562545967876,0.17741454251182706,0.15841836411385699,0.16319166531933046
0.16494678387815442,0.17681820556133884,0.15923555308327816,0.17774634596920078,0.1581733216676574,0.16307978984037244
0.1648922574332228,0.17711771738685492,0.15901541724104867,0.17807848407563862,0.1579285805897189,0.16296754327351312
0.16483751421745907,0.17741724332635836,0.15879521899404292,0.17841095667499213,0.15768414044097054,0.16285492634617751
0.16478255467497108,0.1777167817384347,0.15857495940291827,0.1787437636100554,0.157440000786811,0.16274193978681226
0.16472737925010716,0.1780163309773765,0.1583546395279338,0.17907690472257876,0.15719616119708932,0.16262858432491512
0.1646719883874437,0.17831588939319265,0.1581342604289495,0.17941037985328315,0.15695262124607623,0.16251486069105225
0.164616382531772,0.17861545533163156,0.1579138231654187,0.17974418884186388,0.1567093805124375,0.1624007696168781
0.16456056212807962,0.17891502713418622,0.15769332879637943,0.1800783315269958,0.15646643857920386,0.1622863118351531
0.16450452762154685,0.17921460313811993,0.15747277838045895,0.1804128077463543,0.15622379503374978,0.16217148807976917
0.16444827945752563,0.1795141816764783,0.15725217297586083,0.1807476173366102,0.1559814494677649,0.16205629908576227
0.16439181808152983,0.17981376107809954,0.1570315136403613,0.18108276013345023,0.15573940147722293,0.16194074558933552
0.1643351439392229,0.18011333966764215,0.15681080143130732,0.18141823597158105,0.15549765066236393,0.1618248283278816
0.16427825747640434,0.18041291576559212,0.15659003740560948,0.1817540446847405,0.15525619662765788,0.16170854803999496
0.1642211591389973,0.18071248768828194,0.15636922261973568,0.18209018610570646,0.15501503898178556,0.16159190546549593
0.16416384937303166,0.1810120537479066,0.1561483581297058,0.18242666006630362,0.15477417733760812,0.16147490134544615
0.16410632862463784,0.18131161225254244,0.1559274449910879,0.18276346639741783,0.15453361131214105,0.16135753642217168
0.16404859734003135,0.1816111615061637,0.1557064842589935,0.1831006049290049,0.15429334052653004,0.16123981143927926
0.1639906559654966,0.1819106998086542,0.15548547698806445,0.18343807549009503,0.15405336460601834,0.16112172714166925
0.1639325049473807,0.18221022545583346,0.15526442423247858,0.18377587790881048,0.15381368317993052,0.16100328427556856
0.16387414473207265,0.18250973673946316,0.15504332704593454,0.18411401201236754,0.15357429588163238,0.16088448358852986
0.16381557576599992,0.1828092319472764,0.15482218648164786,0.1844524776270933,0.15333520234851725,0.16076532582946435
0.1637567984956083,0.18310870936298376,0.15460100359235004,0.18479127457843225,0.15309640222197293,0.16064581174865394
0.16369781336735212,0.18340816726629824,0.15437977943027248,0.18513040269095418,0.15285789514735493,0.16052594209776883
0.16363862082768396,0.18370760393295243,0.15415851504715122,0.1854698617883696,0.15261968077396235,0.16040571762988431
0.16357922132303576,0.1840070176347112,0.15393721149421066,0.18580965169353358,0.1523817587550093,0.16028513909949915
0.16351961529981518,0.18430640663939854,0.1537158698221664,0.186149772228463,0.1521441287476026,0.1601642072625553
0.16345980320438444,0.184605769210904,0.15349449108120872,0.18649022321433986,0.1519067904127082,0.16004292287645022
0.16339978548305528,0.18490510360921625,0.15327307632100692,0.18683100447152937,0.15166974341513542,0.15992128670005912
0.16333956258206947,0.18520440809042366,0.1530516265906896,0.1871721158195799,0.1514329874234954,0.15979929949374333
0.16327913494759128,0.185503680906746,0.1528301429388499,0.1875135570772437,0.1511965221101906,0.15967696201937676
0.16321850302569535,0.18580292030655185,0.15260862641353334,0.1878553280624818,0.1509603471513797,0.1595542750403567
0.16315766726235198,0.18610212453436925,0.1523870780622282,0.18819742859247773,0.1507244622269515,0.15943123932162037
0.1630966281034143,0.18640129183091556,0.15216549893186448,0.18853985848364274,0.15048886702050168,0.15930785562966074
0.16303538599460918,0.18670042043310695,0.15194389006880038,0.18888261755163283,0.15025356121930336,0.15918412473254553
0.16297394138152282,0.18699950857408307,0.1517222525188212,0.18922570561135643,0.1500185445142844,0.1590600473999296
0.16291229470958998,0.18729855448322646,0.15150058732712707,0.18956912247698637,0.14978381659999784,0.1589356244030722
0.1628504464240776,0.18759755638617825,0.15127889553832694,0.18991286796196957,0.14954937717459665,0.15881085651485022
0.16278839697007919,0.18789651250486095,0.151057178196433,0.19025694187903888,0.14931522593980961,0.15868574450977735
0.16272614679249914,0.18819542105749956,0.15083543634485205,0.1906013440402239,0.14908136260091204,0.1585602891640167
0.16266369633603778,0.18849428025863474,0.15061367102637377,0.19094607425686042,0.1488477868667003,0.15843449125539277
0.1626010460451872,0.18879308831915223,0.15039188328317163,0.19129113233960726,0.14861449844946859,0.1583083515634139
0.162538196364212,0.18909184344629598,0.1501700741567859,0.19163651809844973,0.1483814970649768,0.1581818708692795
