0,1,2,3,4,5
0.4415703259180169,0.06817209285736085,0.2052694717720068,0.06589404860199785,0.12944684157596456,0.0896472192746473
0.4432570959000807,0.06863890137438167,0.2047306994204377,0.06574851051385074,0.12878132820250376,0.0888434645887492
0.4449393711319667,0.06910754910995996,0.2041892163050752,0.06560171082074243,0.12811671717178716,0.08804543546046795
0.44661708399377203,0.06957803535647025,0.20364506492803194,0.06545366411436715,0.12745303910162786,0.08725311250573207
0.4482901674002864,0.07005035941206147,0.20309828778002983,0.06530438502438346,0.12679032427550743,0.08646647610773263
0.44995855480625135,0.07052452058151501,0.2025489273342104,0.06515388821589586,0.12612860264113535,0.08568550642099304
0.45162218021145384,0.07100051817708834,0.2019970260399848,0.0650021883869502,0.12546790380908013,0.08491018337544305
0.4532809781656467,0.07147835151935791,0.20144262631695492,0.06484930026604244,0.12480825705148578,0.08414048668051063
0.45493488377334024,0.07195801993804965,0.20088577054888065,0.06469523860964274,0.12414969130087576,0.08337639582921476
0.45658383269840086,0.07243952277286397,0.20032650107771208,0.06454001819973271,0.12349223514902416,0.08261789010226789
0.4582277611685323,0.07292285937429563,0.19976486019769177,0.06438365384136423,0.1228359168459294,0.08186494857218911
0.45986660597957196,0.07340802910444277,0.1992008901494983,0.06422616036022923,0.12218076429884467,0.08111755010741473
0.461500304499643,0.07389503133780695,0.19863463311447557,0.06406755260024925,0.12152680507140831,0.08037567337641752
0.46312879467315377,0.07438386546208688,0.19806613120891256,0.063907845421182,0.12087406638284054,0.07963929685182645
0.46475201502462415,0.07487453087896512,0.1974954264783909,0.06374705369624718,0.120222575107225,0.07890839881454914
0.4663699046623838,0.07536702700488271,0.19692256089220492,0.0635851923097703,0.1195723577728678,0.07818295735789264
0.467982403282099,0.07586135327180583,0.19634757633783786,0.06342227615484575,0.11892344056172745,0.07746295039168528
0.46958945117014494,0.07635750912798506,0.19577051461552133,0.06325832013101919,0.11827584930893674,0.07674835564639357
0.47119098920683417,0.07685549403870492,0.19519141743284826,0.06309333914199206,0.11762960950238331,0.07603915067723974
0.4727869588694813,0.07735530748702109,0.19461032639946693,0.0629273480933441,0.11698474628237325,0.07533531286831091
0.47437730223533886,0.07785694897449404,0.19402728302184466,0.06276036189027978,0.11634128444137753,0.07463681943666603
0.4759619619843388,0.07836041802190442,0.1934423286980939,0.06259239543539376,0.11569924842383333,0.07394364743643318
0.47754088140174716,0.0788657141699685,0.19285550471288515,0.06242346362646023,0.1150586623260362,0.0732557737629024
0.47911400438059576,0.07937283698003453,0.19226685223242151,0.06225358135424431,0.11441954989609646,0.07257317515660823
0.48068127542403266,0.07988178603477443,0.19167641229949012,0.06208276350033502,0.11378193453396669,0.07189582820740098
0.4822426396474866,0.08039256093886356,0.19108422582859141,0.06191102493500321,0.11314583929154144,0.07122370935851251
0.4837980427806921,0.08090516131965006,0.19049033360113962,0.061738380515081966,0.1125112868728307,0.07055679491060322
0.4853474311695834,0.0814195868278125,0.18989477626074047,0.0615648450818724,0.11187829963419181,0.06989506102580263
0.48689075177801133,0.08193583713800685,0.1892975943085392,0.06139043345906929,0.11124689958463983,0.06923848373173119
0.48842795218937496,0.08245391194950907,0.18869882809866131,0.0612151604507186,0.11061710838622232,0.06858703892551343
0.4899589806080418,0.08297381098683192,0.18809851783370793,0.06103904083919392,0.10998894735445741,0.06794070237776878
0.4914837858606824,0.08349553400034763,0.1874967035603437,0.06086208938319861,0.10936243745883796,0.06729944973659067
0.49300231739743916,0.08401908076688738,0.18689342516496366,0.06068432081579775,0.10873759932340563,0.06666325653150801
0.4945145252929674,0.08454445109033472,0.18628872236942437,0.06050574984247122,0.10811445322737974,0.06603209817742538
0.4960203602473278,0.0850716448022061,0.18568263472686977,0.0603263911391939,0.10749301910585476,0.06540594997854689
0.4975197735867741,0.0856006617622212,0.18507520161762156,0.060146259350545635,0.10687331655056104,0.06478478713228086
0.49901271726434815,0.0861315018588574,0.18446646224515914,0.05996536908784027,0.10625536481067636,0.06416858473311952
0.5004991438604222,0.08666416500990028,0.1838564556321755,0.059783734927290735,0.10563918279371091,0.06355731777650303
0.501979006583036,0.08719865116297415,0.1832452206167064,0.05960137140819241,0.1050247890664373,0.0629509611626559
0.503452259268151,0.08773496029606553,0.1826327958483522,0.059418293031139505,0.10441220185589117,0.06234948970040314
0.5049188563797652,0.08827309241803168,0.1820192197845592,0.059234514256266066,0.10380143905041539,0.06175287811096214
0.5063787530098922,0.08881304756910303,0.1814045306870057,0.059050049501514455,0.10319251820077245,0.06116110103171019
0.5078319048784291,0.08935482582136471,0.1807887666180444,0.05886491314093327,0.10258545652130116,0.060574133019925945
0.50927826833289,0.08989842727923188,0.18017196543723668,0.05867911950299908,0.10198027089113361,0.05999194855650431
0.5107178003480298,0.09044385207991466,0.17955416479797323,0.05849268286897285,0.10137697785546218,0.059414522049649386
0.5121504585253251,0.09099110039386099,0.1789354021441466,0.05830561747127468,0.10077559362685692,0.05884182783853096
0.5135762010923968,0.09154017242520028,0.178315714706946,0.058117937491897816,0.10017613408663957,0.05827384019692418
0.5149949869022077,0.0920910684121633,0.17769513950168578,0.057929657060839655,0.09957861478629296,0.057710533336810275
0.5164067754322827,0.09264378862749872,0.1770737133247485,0.05774079025457098,0.09898305094894058,0.05715188141195795
0.5178115267836947,0.09319833337886992,0.17645147275059048,0.057551351094526255,0.09838945747085084,0.056597858521465615
0.5192092016800147,0.09375470300924359,0.17582845412882692,0.05736135354562611,0.09779784892300487,0.056048438713280364
0.5205997614661229,0.0943128978972641,0.17520469358140425,0.05717081151482729,0.09720823955269797,0.055503595987684215
0.5219831681069093,0.09487291845761653,0.1745802269998355,0.05697973884969926,0.09662064328519238,0.05496330430074596
0.5233593841858974,0.09543476514137655,0.17395509004253526,0.05678814933703404,0.09603507372541238,0.05442753756774667
0.5247283729037195,0.0959984384363465,0.17332931813221036,0.056596056701478915,0.09545154415967778,0.053896269666568214
0.5260900980765342,0.096563938867382,0.17270294645334833,0.056403474604201344,0.09487006755748104,0.05336947444105141
0.5274445241343243,0.09713126699670271,0.17207600994976444,0.05621041664158172,0.094290656573306,0.05284712570432043
0.5287916161190763,0.09770042342419161,0.17144854332224235,0.0560168963439328,0.09371332354848193,0.052329197242074105
0.5301313396829089,0.09827140878768252,0.17082058102623804,0.055822927174249484,0.09313808051307873,0.05181566281584057
0.5314636610860635,0.0988442237632342,0.17019215726967202,0.055628522526988036,0.09256493918783697,0.05130649616620281
0.5327885471948336,0.09941886906539232,0.16956330601078345,0.05543369572686898,0.09199391098613559,0.0508016710159838
0.5341059654793837,0.09999534544743723,0.16893406095607214,0.055238460027713925,0.09142500701599113,0.05030116107339966
0.5354158840114822,0.10057365370162297,0.1683044555583104,0.05504282861130695,0.09085823808209768,0.04980494003517676
0.5367182714621666,0.10115379465939803,0.16767452301462546,0.054846814586286353,0.09029361468788888,0.04931298158963244
0.5380130970992905,0.10173576919161906,0.16704429626466236,0.05465043098706145,0.08973114703764284,0.0488252594197209
0.5393003307850192,0.10231957820874976,0.16641380798881597,0.054453690772761264,0.08917084503861104,0.0483417472060406
0.5405799429732272,0.10290522266104335,0.1657830906065363,0.05425660682620767,0.08861271830317685,0.047862418629807724
0.5418519047068094,0.1034927035387233,0.16515217627471024,0.054059191952918445,0.08805677615104766,0.04738724737579043
0.5431161876149416,0.10408202187213797,0.16452109688610447,0.053861458880137734,0.08750302761147045,0.04691620713520724
0.5443727639102414,0.10467317873191298,0.16388988406789373,0.05366342025589248,0.08695148142547429,0.04644927160858794
0.5456216063858588,0.10526617522908648,0.16325856918024478,0.05346508864807702,0.08640214604813994,0.04598641450859591
0.5468626884125023,0.10586101251523446,0.16262718331498258,0.05326647654356666,0.08585502965089525,0.04552760956281533
0.54809598393541,0.10645769178258267,0.1619957572943212,0.05306759634735671,0.08531014012383291,0.04507283051649766
0.5493214674711964,0.10705621426410176,0.1613643216696549,0.0528684603817261,0.08476748507804577,0.04462205113527045
0.550539114104722,0.10765658123360364,0.1607329067204336,0.05266908088543346,0.08422707184799991,0.04417524520781147
0.5517488994857888,0.1082587940058047,0.16010154245308753,0.052469470012934366,0.08368890749390547,0.043732386548477976
0.5529507998258986,0.10886285393640176,0.1594702586000368,0.05226963983362826,0.0831529988041306,0.04329344899990558
0.5541447918948359,0.10946876242210934,0.1588390846187477,0.05206960233112937,0.0826193522976164,0.04285840643556155
0.5553308530172687,0.1100765209007103,0.15820804969086996,0.05186936940256639,0.08208797422632223,0.04242723276226446
0.5565089610692527,0.11068613085107466,0.15757718272142904,0.051668952857905286,0.08155887057768026,0.04199990192266176
0.5576790944746968,0.11129759379317887,0.15694651233808496,0.05146836441929865,0.08103204707707173,0.041576387897671936
0.5588412322017818,0.11191091128810604,0.15631606689045272,0.0512676157204611,0.0805075091903145,0.04115666470888516
0.5599953537593084,0.11252608493803852,0.1556858744494877,0.05106671830606947,0.0799852621261674,0.04074070642092627
0.5611414391930128,0.11314311638623875,0.1550559628069303,0.050865683631188915,0.07946531083884999,0.04032848714378084
0.5622794690818197,0.11376200731701105,0.15442635947480682,0.050664523060719883,0.07894766003056855,0.039919981035078406
0.563409424534058,0.11438275945566416,0.15379709168499978,0.05046324786887535,0.07843231415406246,0.03951516230234118
0.5645312871836505,0.11500537456845322,0.15316818638886928,0.050261869238679036,0.07791927741515473,0.03911400520519248
0.5656450391862216,0.11562985446251188,0.1525396702569348,0.05006039826148741,0.07740855377531868,0.0387164840575254
0.5667506632151922,0.11625620098577516,0.15191156967861405,0.04985884593653706,0.0769001469542464,0.0383225732296352
0.5678481424578325,0.11688441602688793,0.15128391076202216,0.04965722317051434,0.07639406043243578,0.03793224715031042
0.568937460611269,0.117514501515104,0.1506567193338156,0.049455540777149025,0.07589029745377457,0.03754548030888913
0.5700186018784655,0.11814645942017725,0.15003002093910828,0.04925380947683211,0.07538886102814274,0.03716224725727414
0.5710915509641693,0.11878029175223292,0.14940384084142486,0.049052039896252626,0.07488975393401007,0.036782522611909875
0.5721562930708137,0.11941600056163686,0.14877820402271777,0.04885024256806326,0.074392978721048,0.036406281055724
0.5732128138943988,0.12005358793884675,0.14815313518342976,0.048648427930560824,0.07389853771274003,0.03603349734002739
0.5742610996203478,0.12069305601425796,0.14752865874261806,0.04844660632739535,0.07340643300900107,0.03566414628637943
0.5753011369193387,0.12133440695803753,0.14690479883811575,0.04824478800729739,0.07291666648879805,0.03529820278841346
0.576332912943083,0.12197764297994118,0.14628157932675404,0.04804298312382646,0.07242923981276925,0.034935641813625656
0.5773564153201141,0.12262276632913013,0.14565902378462975,0.047841201735144084,0.07194415442585397,0.03457643840512722
0.578371632151541,0.12326977929396638,0.14503715550741889,0.04763945380380327,0.07146141155991567,0.03422056768335716
