0,1,2,3,4,5
0.17906259050786008,0.1679693471021149,0.1647560684135937,0.16563214321724323,0.1638354667746589,0.15874438398453097
0.17743298717188305,0.16781457808503442,0.16501350588469713,0.16577771857666596,0.16420998161190706,0.1597512286698119
0.17581435414416538,0.16765604820771096,0.16526741527862532,0.1659195469682401,0.1645813318914457,0.160761303509815
0.17420667692704675,0.1674937834937645,0.16551779363430266,0.166057633983074,0.16494950831077487,0.16177460365103735
0.17260994000210556,0.16732781012897202,0.16576463827141477,0.16619198549267103,0.1653145018538497,0.16279112425098666
0.17102412684581808,0.16715815445515853,0.16600794678751732,0.1663226076447793,0.1656763037888891,0.16381086047783713
0.16944921994526801,0.16698484296414742,0.1662477170551315,0.1664495068592321,0.16603490566616003,0.1648338075100586
0.16788520081387462,0.16680790229176837,0.16648394721882062,0.16657268982379536,0.16639029931572946,0.16585996053601226
0.166332050007146,0.16662735921191438,0.166716635692251,0.16669216349000676,0.16674247684518323,0.16688931475350022
0.16478974713844868,0.1664432406306634,0.16694578115524383,0.16680793506902594,0.16709143063732185,0.1679218653692973
0.16325827089478467,0.1662555735804568,0.16717138255080932,0.1669200120274868,0.16743715334782863,0.1689576075986311
0.16173759905257348,0.16606438521433667,0.1673934390821795,0.16702840208334507,0.16777963790291422,0.16999653666464912
0.16022770849343146,0.16586970280023738,0.1676119502098225,0.16713311320174756,0.16811887749693022,0.1710386477978295
0.1587285752199393,0.16567155371535616,0.16782691564845184,0.16723415359090027,0.16845486558997383,0.17208393623537946
0.15724017437140098,0.16546996544056666,0.16803833536403592,0.16733153169794363,0.1687875959054611,0.1731323972205925
0.1557624802395811,0.16526496555491155,0.1682462095707969,0.16742525620485255,0.1691170624276847,0.17418402600217353
0.15429546628441368,0.16505658173014998,0.16845053872820204,0.16751533602433288,0.16944325939935795,0.17523881783353937
0.15283910514968874,0.16484484172537672,0.16865132353796913,0.16760178029574088,0.16976618131913923,0.1762967679720859
0.1513933686786917,0.16462977338169843,0.1688485649410446,0.16768459838101443,0.1700858229391333,0.17735787167841896
0.14995822792981342,0.1644114046169907,0.16904226411460574,0.16776379986062231,0.17040217926239679,0.17842212421556805
0.14853365319211143,0.1641897634207096,0.16923242246906137,0.16783939452953286,0.17071524554041895,0.17948952084816713
0.14711961400081458,0.1639648778487762,0.16941904164503152,0.16791139239319042,0.1710250172705883,0.1805600568415993
0.14571607915278242,0.16373677601853093,0.16960212351036622,0.16797980366352777,0.17133149019366276,0.18163372746112882
0.1443230167219006,0.16350548610375504,0.16978167015714143,0.16804463875498954,0.17163466029122043,0.18271052797099327
0.14294039407440834,0.16327103632976148,0.16995768389866964,0.168105908280576,0.17193452378310548,0.18379045363347804
0.1415681778841701,0.16303345496855629,0.17013016726652605,0.1681636230479165,0.17223107712487012,0.1848734997079622
0.14020633414785671,0.16279277033406944,0.17029912300756633,0.168217794055363,0.17252431700520837,0.18595966144993606
0.1388548282000703,0.16254901077746087,0.17046455408096836,0.16826843248810877,0.17281424034339046,0.1870489341100014
0.1375136247283715,0.16230220468248824,0.1706264636552739,0.168315549714335,0.17310084428669043,0.1881413129328409
0.13618268778823606,0.16205238046095424,0.17078485510544608,0.16835915728137965,0.17338412620781327,0.18923679315617156
0.1348619808179128,0.16179956654822195,0.17093973200993515,0.1683992669119405,0.17366408370232075,0.1903353700096685
0.13355146665320036,0.16154379139880157,0.17109109814776394,0.16843589050030264,0.17394071458606336,0.19143703871387044
0.13225110754211974,0.16128508348200735,0.1712389574956175,0.16846904010859265,0.17421401689260171,0.19254179447906145
0.13096086515949812,0.16102347127769154,0.17138331422494887,0.16849872796307191,0.174483988870646,0.19364963250414072
0.12968070062144552,0.16075898327204446,0.17152417269911374,0.1685249664504493,0.17475062898148622,0.19476054797545933
0.12841057449972532,0.16049164795346962,0.17166153747049726,0.16854776811423755,0.1750139358964317,0.19587453606564154
0.12715044683602514,0.1602214938085242,0.17179541327767617,0.16856714565112507,0.1752739084942559,0.19699159193239216
0.12590027715611488,0.1599485493179467,0.17192580504259525,0.168583111907403,0.17553054585865138,0.19811171071728634
0.1246600244838856,0.15967284295273793,0.17205271786775214,0.16859567987540677,0.17578384727568314,0.1992348875445331
0.12342964735528184,0.1593944031703248,0.17217615703341596,0.16860486268999778,0.17603381223125708,0.20036111751972402
0.12220910383211271,0.15911325841078763,0.17229612799484748,0.16861067362508295,0.17628044040859359,0.20149039572857314
0.1209983515157423,0.1588294370931762,0.1724126363795615,0.1686131260901684,0.17652373168571583,0.2026227172356378
0.11979734756065645,0.15854296761186498,0.1725256879845839,0.1686122336269391,0.1767636861329411,0.20375807708301333
0.118606048687908,0.15825387833301494,0.17263528877375833,0.1686080099058932,0.17700030401039013,0.20489647028902994
0.11742441119843748,0.15796219759108193,0.1727414448750506,0.16860046872299722,0.17723358576550508,0.20603789184692842
0.11625239098625022,0.1576679536853996,0.17284416257788282,0.16858962399637717,0.17746353203057533,0.20718233672351394
0.11508994355148953,0.15737117487683946,0.17294344833050204,0.1685754897630627,0.17769014362029178,0.20832979985781427
0.11393702401334964,0.15707188938453626,0.17303930873735573,0.1685580801757536,0.17791342152929682,0.20948027615970954
0.1127935871228733,0.15677012538267593,0.1731317505564998,0.16853740949962795,0.1781333669297601,0.21063376050855956
0.11165958727560987,0.15646591099736812,0.17322078069703045,0.16851349210919497,0.17834998116896855,0.21179024775182498
0.11053497852412872,0.1561592743035688,0.17330640621653678,0.1684863424851759,0.17856326576692916,0.21294973270365855
0.10941971459040463,0.15585024332208303,0.1733886343185806,0.16845597521143374,0.17877322241398932,0.21411221014350965
0.10831374887805796,0.15553884601663034,0.1734674723502051,0.16842240497193,0.17897985296847305,0.21527767481470014
0.10721703448445685,0.155225110290984,0.17354292779946404,0.1683856465477394,0.17918315945434052,0.21644612142301323
0.1061295242126751,0.15490906398615903,0.17361500829297902,0.16834571481407895,0.17938314405885833,0.21761754463525076
0.10505117058330513,0.15459073487769157,0.1736837215935193,0.1683026247373981,0.17957980913028812,0.21879193907779518
0.10398192584613883,0.15427015067296057,0.173749075597621,0.16825639137249881,0.17977315717560713,0.2199692993351721
0.10292174199168641,0.1539473390085894,0.17381107833321527,0.1682070298596939,0.17996319085822676,0.22114961994859045
0.10187057076256296,0.15362232744790139,0.1738697379572939,0.16815455542200816,0.1801499129957482,0.22233289541448537
0.10082836366472667,0.15329514347845144,0.17392506275360606,0.16809898336242166,0.18033332655773726,0.22351912018305753
0.09979507197856538,0.1529658145096058,0.17397706113036926,0.16804032906114671,0.1805134346635046,0.22470828865680803
0.0987706467698414,0.15263436787019516,0.17402574161802384,0.16797860797295047,0.18069024057992825,0.22590039518906196
0.09775503890048622,0.15230083080622686,0.17407111286700014,0.16791383562451226,0.18086374771927902,0.22709543408249627
0.09674819903924894,0.15196523047865793,0.17411318364552458,0.16784602761182602,0.1810339596370833,0.2282933995876615
0.09575007767219391,0.15162759396122474,0.17415196283745082,0.16777519959763842,0.18120088002999052,0.22949428590150422
0.09476062511305303,0.15128794823834144,0.1741874594401175,0.16770136730892782,0.1813645127336815,0.23069808716588114
0.09377979151342679,0.15094632020304846,0.17421968256223225,0.16762454653442316,0.18152486172078622,0.23190479746608056
0.09280752687284086,0.15060273665502802,0.1742486414217939,0.16754475312216793,0.1816819310988292,0.23311441082934073
0.09184378104864681,0.15025722429866525,0.17427434534402822,0.16746200297710714,0.18183572510819404,0.23432692122335552
0.09088850376578277,0.14990980974118487,0.17429680375936815,0.167376312058737,0.18198624812012212,0.23554232255480623
0.0899416446263768,0.14956051949082177,0.1743160262014464,0.16728769637877036,0.18213350463471709,0.23676060866786588
0.08900315311921204,0.1492093799550704,0.1743320223051319,0.16719617199886214,0.18227749927899276,0.23798177334273138
0.08807297862903271,0.14885641743896863,0.17434480180458342,0.1671017550283571,0.1824182368049273,0.23920581029413063
0.08715107044571142,0.14850165814345243,0.17435437453133715,0.16700446162208477,0.18255572208755266,0.24043271316985984
0.08623737777326324,0.1481451281637509,0.17436075041242233,0.1669043079781939,0.1826899601230665,0.2416624755493028
0.08533184973871527,0.14778685348784412,0.17436393946850298,0.16680131033601842,0.18282095602695905,0.24289509094196185
0.08443443540082837,0.14742685999496416,0.17436395181204953,0.1666954849739873,0.18294871503217838,0.24413055278599166
0.08354508375867506,0.14706517345415773,0.1743607976455373,0.16658684820757044,0.18307324248731383,0.24536885444674414
0.08266374376006551,0.14670181952288966,0.17435448725967925,0.1664754163872644,0.18319454385479492,0.2466099892153051
0.08179036430983798,0.14633682374569956,0.1743450310316758,0.16636120589660788,0.18331262470913215,0.24785395030704482
0.08092489427799399,0.14597021155290968,0.17433243942350254,0.16624423315024406,0.18342749073516865,0.24910073086017645
0.08006728250770151,0.14560200825938116,0.17431672298022172,0.16612451459201508,0.18353914772636334,0.2503503239343189
0.07921747782314024,0.14523223906330715,0.17429789232831933,0.1660020666930873,0.183647601583091,0.2516027225090536
0.07837542903722201,0.14486092904507442,0.1742759581740754,0.16587690595012738,0.1837528583109825,0.25285791948251946
0.07754108495915396,0.1444881031661443,0.17425093130195454,0.16574904888349984,0.18385492401926876,0.2541159076699776
0.0767143944018695,0.1441137862680028,0.17422282257303406,0.16561851203550737,0.18395380491916777,0.2553766798024204
0.07589530618931793,0.14373800307113685,0.17419164292344377,0.1654853119686627,0.1840495073222824,0.25664022852515733
0.07508376916361426,0.14336077817406553,0.17415740336284968,0.16534946526399963,0.18414203763903628,0.2579065463964352
0.07427973219204992,0.14298213605241125,0.17412011497295204,0.16521098851941748,0.1842314023771181,0.25917562588605164
0.07348314417396841,0.14260210105800628,0.17407978890601455,0.16506989834805544,0.18431760813996464,0.26044745937399094
0.07269395404750435,0.1422206974180542,0.17403643638342028,0.16492621137670702,0.18440066162526086,0.261722039149054
0.0719121107961863,0.14183794923431836,0.173990068694253,0.16477994424426198,0.1844805696234645,0.26299935740752095
0.07113756345540503,0.1414538804823562,0.17394069719390054,0.16463111360018343,0.18455733901635452,0.26427940625180074
0.07037026111875243,0.14106851501079595,0.17388833330269407,0.16447973610302682,0.1846309767756117,0.26556217768911883
0.06961015294422365,0.1406818765406431,0.17383298850456147,0.16432582841897272,0.1847014899614066,0.2668476636301923
0.06885718816029163,0.14029398866463327,0.17377467434570756,0.1641694072204071,0.18476888572102812,0.2681358558879318
0.06811131607185057,0.13990487484661376,0.17371340243332936,0.164010489184526,0.18483317128752585,0.26942674617615336
0.06737248606603206,0.13951455842096885,0.17364918443433972,0.16384909099197728,0.18489435397838025,0.27072032610830077
0.06664064761789186,0.13912306259207233,0.17358203207413173,0.16368522932552335,0.18495244119419063,0.2720165871961919
0.06591575029597188,0.1387304104337822,0.1735119571353534,0.16351892086874295,0.18500744041739384,0.2733155208487535
