0,1,2,3,4,5
0.44831013916500984,0.010934393638170972,0.08051689860834989,0.07057654075546718,0.2495029821073558,0.1401590457256461
0.2076771653543307,0.02066929133858268,0.296259842519685,0.040354330708661415,0.010826771653543307,0.4242125984251968
0.573293172690763,0.0010040160642570282,0.23192771084337352,0.05120481927710844,0.03112449799196787,0.11144578313253012
0.7166998011928429,0.0009940357852882705,0.040755467196819085,0.010934393638170973,0.010934393638170973,0.21968190854870775
0.8042168674698795,0.011044176706827308,0.09136546184738956,0.06124497991967871,0.0010040160642570282,0.03112449799196787
0.713855421686747,0.0010040160642570282,0.09136546184738956,0.1214859437751004,0.011044176706827308,0.06124497991967871
0.7640562248995985,0.0010040160642570282,0.07128514056224901,0.04116465863453816,0.0010040160642570282,0.1214859437751004
0.6669980119284294,0.0009940357852882705,0.22962226640159047,0.02087475149105368,0.07057654075546721,0.010934393638170973
0.6968190854870775,0.010934393638170973,0.0805168986083499,0.010934393638170973,0.14015904572564614,0.06063618290258449
0.5431726907630523,0.011044176706827308,0.29216867469879515,0.03112449799196787,0.1214859437751004,0.0010040160642570282
0.3389662027833002,0.010934393638170973,0.05069582504970179,0.040755467196819085,0.5377733598409543,0.02087475149105368
0.3190854870775348,0.02087475149105368,0.2992047713717694,0.02087475149105368,0.11033797216699802,0.22962226640159047
0.7339357429718876,0.011044176706827308,0.06124497991967871,0.03112449799196787,0.1214859437751004,0.04116465863453816
0.48807157057654066,0.07057654075546718,0.12027833001988068,0.04075546719681908,0.020874751491053674,0.2594433399602385
0.38866799204771374,0.040755467196819085,0.13021868787276342,0.05069582504970179,0.21968190854870775,0.16998011928429424
0.46819085487077533,0.03081510934393638,0.12027833001988071,0.15009940357852883,0.05069582504970179,0.17992047713717693
0.3588469184890656,0.0009940357852882705,0.05069582504970179,0.040755467196819085,0.279324055666004,0.26938369781312127
0.2992047713717694,0.11033797216699802,0.040755467196819085,0.46819085487077533,0.010934393638170973,0.07057654075546721
0.10039761431411531,0.0009940357852882705,0.0805168986083499,0.12027833001988071,0.26938369781312127,0.4284294234592445
0.46819085487077533,0.02087475149105368,0.09045725646123261,0.010934393638170973,0.39860834990059646,0.010934393638170973
0.2720883534136546,0.021084337349397592,0.05120481927710844,0.3825301204819277,0.2520080321285141,0.021084337349397592
0.4980119284294233,0.04075546719681908,0.1699801192842942,0.010934393638170972,0.0009940357852882703,0.27932405566600393
0.18986083499005968,0.0009940357852882707,0.13021868787276344,0.0407554671968191,0.6371769383697815,0.0009940357852882707
0.4085487077534791,0.06063618290258449,0.12027833001988071,0.03081510934393638,0.20974155069582504,0.16998011928429424
0.296259842519685,0.060039370078740155,0.25688976377952755,0.05019685039370079,0.14862204724409447,0.18799212598425197
0.7862823061630219,0.02087475149105368,0.010934393638170973,0.02087475149105368,0.15009940357852883,0.010934393638170973
0.36244979919678716,0.051204819277108446,0.2921686746987952,0.08132530120481929,0.0010040160642570282,0.21184738955823296
0.23192771084337352,0.06124497991967871,0.18172690763052207,0.04116465863453816,0.4026104417670683,0.08132530120481928
0.5278330019880716,0.0805168986083499,0.13021868787276342,0.03081510934393638,0.0805168986083499,0.15009940357852883
0.676938369781312,0.030815109343936376,0.11033797216699799,0.04075546719681908,0.020874751491053674,0.12027833001988068
0.3222891566265061,0.08132530120481929,0.1917670682730924,0.06124497991967872,0.12148594377510041,0.22188755020080325
0.5127952755905512,0.000984251968503937,0.2372047244094488,0.030511811023622045,0.02066929133858268,0.19783464566929135
0.4427710843373494,0.0010040160642570282,0.24196787148594376,0.09136546184738956,0.13152610441767068,0.09136546184738956
0.24950298210735586,0.05069582504970179,0.14015904572564614,0.07057654075546721,0.38866799204771374,0.10039761431411531
0.47813121272365805,0.010934393638170973,0.15009940357852883,0.03081510934393638,0.16003976143141155,0.16998011928429424
0.5178926441351889,0.02087475149105368,0.25944333996023855,0.040755467196819085,0.010934393638170973,0.15009940357852883
0.20180722891566263,0.071285140562249,0.031124497991967866,0.011044176706827308,0.5632530120481928,0.12148594377510039
0.5874751491053678,0.16998011928429424,0.11033797216699802,0.03081510934393638,0.010934393638170973,0.09045725646123261
0.28641732283464566,0.05019685039370079,0.4635826771653543,0.030511811023622045,0.000984251968503937,0.16830708661417323
0.3423694779116466,0.11144578313253012,0.31224899598393574,0.11144578313253012,0.03112449799196787,0.09136546184738956
0.6272365805168986,0.09045725646123261,0.11033797216699802,0.040755467196819085,0.02087475149105368,0.11033797216699802
0.32902584493041753,0.25944333996023855,0.28926441351888665,0.040755467196819085,0.010934393638170973,0.07057654075546721
0.5377733598409542,0.0009940357852882703,0.050695825049701784,0.020874751491053674,0.11033797216699799,0.27932405566600393
0.5974155069582505,0.07057654075546721,0.12027833001988071,0.03081510934393638,0.14015904572564614,0.040755467196819085
0.5431726907630523,0.03112449799196787,0.10140562248995985,0.0010040160642570282,0.0010040160642570282,0.32228915662650603
0.8956262425447317,0.05069582504970179,0.010934393638170973,0.010934393638170973,0.0009940357852882705,0.03081510934393638
0.5874751491053678,0.05069582504970179,0.3190854870775348,0.0009940357852882705,0.010934393638170973,0.03081510934393638
0.5576540755467198,0.05069582504970179,0.16003976143141155,0.09045725646123261,0.07057654075546721,0.07057654075546721
0.5576540755467198,0.10039761431411531,0.19980119284294234,0.02087475149105368,0.0009940357852882705,0.12027833001988071
0.45825049701789267,0.040755467196819085,0.15009940357852883,0.0009940357852882705,0.32902584493041753,0.02087475149105368
0.3687872763419483,0.03081510934393638,0.23956262425447314,0.11033797216699802,0.16003976143141155,0.09045725646123261
0.4284294234592445,0.03081510934393638,0.11033797216699802,0.05069582504970179,0.28926441351888665,0.09045725646123261
0.32902584493041753,0.09045725646123261,0.15009940357852883,0.03081510934393638,0.28926441351888665,0.11033797216699802
0.4327309236947791,0.06124497991967871,0.05120481927710844,0.09136546184738956,0.29216867469879515,0.07128514056224901
0.39860834990059646,0.040755467196819085,0.22962226640159047,0.14015904572564614,0.17992047713717693,0.010934393638170973
0.6968190854870776,0.0009940357852882707,0.10039761431411534,0.060636182902584504,0.09045725646123262,0.050695825049701805
0.23956262425447314,0.09045725646123261,0.24950298210735586,0.05069582504970179,0.26938369781312127,0.10039761431411531
0.15009940357852883,0.0009940357852882705,0.07057654075546721,0.010934393638170973,0.7166998011928429,0.05069582504970179
0.13021868787276342,0.0009940357852882705,0.10039761431411531,0.15009940357852883,0.5874751491053678,0.03081510934393638
0.296259842519685,0.05019685039370079,0.09940944881889764,0.040354330708661415,0.3159448818897638,0.19783464566929135
0.6801181102362206,0.04035433070866143,0.1978346456692914,0.06003937007874017,0.010826771653543309,0.010826771653543309
0.3122489959839357,0.34236947791164657,0.20180722891566263,0.04116465863453815,0.061244979919678706,0.04116465863453815
0.507952286282306,0.04075546719681908,0.050695825049701784,0.050695825049701784,0.2495029821073558,0.10039761431411529
0.6769383697813122,0.09045725646123261,0.010934393638170973,0.02087475149105368,0.02087475149105368,0.17992047713717693
0.39860834990059646,0.040755467196819085,0.18986083499005965,0.06063618290258449,0.040755467196819085,0.26938369781312127
0.4126506024096385,0.06124497991967871,0.09136546184738956,0.011044176706827308,0.0010040160642570282,0.4226907630522088
0.7365805168986084,0.0009940357852882705,0.07057654075546721,0.05069582504970179,0.010934393638170973,0.13021868787276342
0.49297188755020077,0.0010040160642570282,0.18172690763052207,0.10140562248995985,0.06124497991967871,0.16164658634538154
0.2992047713717694,0.12027833001988071,0.10039761431411531,0.03081510934393638,0.0009940357852882705,0.44831013916500995
0.3389662027833002,0.040755467196819085,0.11033797216699802,0.05069582504970179,0.0805168986083499,0.378727634194831
0.26938369781312127,0.03081510934393638,0.09045725646123261,0.0009940357852882705,0.15009940357852883,0.45825049701789267
0.4681908548707752,0.060636182902584476,0.1699801192842942,0.020874751491053674,0.020874751491053674,0.2594433399602385
0.7564612326043738,0.010934393638170973,0.03081510934393638,0.010934393638170973,0.040755467196819085,0.15009940357852883
0.6570576540755467,0.02087475149105368,0.17992047713717693,0.040755467196819085,0.02087475149105368,0.0805168986083499
0.7166998011928427,0.010934393638170972,0.050695825049701784,0.050695825049701784,0.030815109343936376,0.1401590457256461
0.3061023622047244,0.2076771653543307,0.13877952755905512,0.09940944881889764,0.11909448818897637,0.12893700787401574
0.46819085487077533,0.02087475149105368,0.07057654075546721,0.040755467196819085,0.10039761431411531,0.2992047713717694
0.6868787276341948,0.010934393638170973,0.07057654075546721,0.03081510934393638,0.010934393638170973,0.18986083499005965
0.53248031496063,0.010826771653543307,0.040354330708661415,0.18799212598425197,0.000984251968503937,0.22736220472440946
0.47813121272365805,0.03081510934393638,0.11033797216699802,0.03081510934393638,0.11033797216699802,0.23956262425447314
0.2748478701825558,0.0010141987829614604,0.25456389452332656,0.05172413793103448,0.14300202839756593,0.2748478701825558
0.7962226640159046,0.010934393638170973,0.040755467196819085,0.040755467196819085,0.0805168986083499,0.03081510934393638
0.47813121272365805,0.040755467196819085,0.21968190854870775,0.07057654075546721,0.16998011928429424,0.02087475149105368
0.10039761431411531,0.010934393638170973,0.22962226640159047,0.040755467196819085,0.5974155069582505,0.02087475149105368
0.04116465863453816,0.05120481927710844,0.1214859437751004,0.04116465863453816,0.7238955823293173,0.021084337349397592
0.18799212598425197,0.3159448818897638,0.10925196850393701,0.08956692913385826,0.26673228346456695,0.030511811023622045
0.23956262425447314,0.03081510934393638,0.10039761431411531,0.12027833001988071,0.47813121272365805,0.03081510934393638
0.31224899598393574,0.011044176706827308,0.07128514056224901,0.05120481927710844,0.21184738955823293,0.3423694779116466
0.5278330019880716,0.010934393638170973,0.0805168986083499,0.0805168986083499,0.21968190854870775,0.0805168986083499
0.5226377952755905,0.06988188976377951,0.14862204724409445,0.10925196850393698,0.05019685039370078,0.09940944881889763
0.48807157057654077,0.040755467196819085,0.11033797216699802,0.3190854870775348,0.010934393638170973,0.03081510934393638
0.2620481927710843,0.09136546184738956,0.2720883534136546,0.0010040160642570282,0.20180722891566266,0.17168674698795183
0.5933734939759036,0.011044176706827308,0.05120481927710843,0.09136546184738954,0.20180722891566263,0.05120481927710843
0.34890656063618286,0.010934393638170973,0.02087475149105368,0.03081510934393638,0.547713717693837,0.040755467196819085
0.17814960629921264,0.1978346456692914,0.04035433070866143,0.4635826771653544,0.08956692913385829,0.030511811023622052
0.2620481927710843,0.001004016064257028,0.04116465863453815,0.02108433734939759,0.6736947791164658,0.001004016064257028
0.34547244094488194,0.0501968503937008,0.1190944881889764,0.3356299212598426,0.10925196850393704,0.04035433070866143
0.5377733598409543,0.279324055666004,0.05069582504970179,0.040755467196819085,0.0805168986083499,0.010934393638170973
0.44277108433734935,0.02108433734939759,0.15160642570281121,0.05120481927710843,0.2821285140562249,0.05120481927710843
0.16998011928429424,0.25944333996023855,0.18986083499005965,0.02087475149105368,0.3389662027833002,0.02087475149105368
0.48807157057654077,0.040755467196819085,0.20974155069582504,0.16998011928429424,0.06063618290258449,0.03081510934393638
0.6868787276341948,0.040755467196819085,0.05069582504970179,0.13021868787276342,0.03081510934393638,0.06063618290258449
0.2076771653543307,0.14862204724409447,0.21751968503937008,0.21751968503937008,0.14862204724409447,0.060039370078740155
0.378727634194831,0.05069582504970179,0.040755467196819085,0.040755467196819085,0.39860834990059646,0.09045725646123261
0.378727634194831,0.05069582504970179,0.040755467196819085,0.040755467196819085,0.39860834990059646,0.09045725646123261
0.18799212598425197,0.030511811023622045,0.09940944881889764,0.02066929133858268,0.53248031496063,0.12893700787401574
0.18986083499005968,0.030815109343936387,0.050695825049701805,0.09045725646123262,0.6371769383697815,0.0009940357852882707
0.5576540755467198,0.02087475149105368,0.07057654075546721,0.03081510934393638,0.3091451292246521,0.010934393638170973
0.15846456692913385,0.05019685039370079,0.08956692913385826,0.38484251968503935,0.21751968503937008,0.09940944881889764
0.2395626242544732,0.010934393638170977,0.22962226640159053,0.4085487077534792,0.08051689860834992,0.030815109343936387
0.18986083499005965,0.010934393638170973,0.05069582504970179,0.10039761431411531,0.4284294234592445,0.21968190854870775
0.34890656063618286,0.07057654075546721,0.0805168986083499,0.10039761431411531,0.12027833001988071,0.279324055666004
0.010934393638170973,0.11033797216699802,0.18986083499005965,0.09045725646123261,0.05069582504970179,0.547713717693837
0.32902584493041753,0.010934393638170973,0.010934393638170973,0.02087475149105368,0.6272365805168986,0.0009940357852882705
0.2992047713717694,0.07057654075546721,0.0805168986083499,0.06063618290258449,0.2992047713717694,0.18986083499005965
0.18986083499005965,0.010934393638170973,0.20974155069582504,0.12027833001988071,0.38866799204771374,0.0805168986083499
0.15160642570281124,0.021084337349397592,0.33232931726907633,0.021084337349397592,0.47289156626506024,0.0010040160642570282
0.6335341365461847,0.2620481927710843,0.08132530120481928,0.021084337349397592,0.0010040160642570282,0.0010040160642570282
0.46819085487077533,0.02087475149105368,0.10039761431411531,0.02087475149105368,0.05069582504970179,0.3389662027833002
0.26938369781312127,0.03081510934393638,0.05069582504970179,0.02087475149105368,0.6272365805168986,0.0009940357852882705
0.35240963855421686,0.07128514056224901,0.21184738955823296,0.07128514056224901,0.2921686746987952,0.0010040160642570282
0.7166998011928429,0.010934393638170973,0.13021868787276342,0.040755467196819085,0.02087475149105368,0.0805168986083499
0.6371769383697813,0.02087475149105368,0.0805168986083499,0.02087475149105368,0.17992047713717693,0.06063618290258449
0.6073558648111332,0.05069582504970179,0.14015904572564614,0.040755467196819085,0.10039761431411531,0.06063618290258449
0.6134538152610441,0.011044176706827308,0.06124497991967871,0.07128514056224901,0.18172690763052207,0.06124497991967871
0.5178926441351889,0.040755467196819085,0.10039761431411531,0.010934393638170973,0.26938369781312127,0.06063618290258449
0.5278330019880716,0.07057654075546721,0.28926441351888665,0.040755467196819085,0.07057654075546721,0.0009940357852882705
0.5632530120481928,0.031124497991967866,0.08132530120481928,0.04116465863453815,0.2821285140562249,0.001004016064257028
0.512795275590551,0.05019685039370078,0.15846456692913383,0.04035433070866141,0.05019685039370078,0.18799212598425194
0.5576540755467198,0.010934393638170973,0.0805168986083499,0.05069582504970179,0.28926441351888665,0.010934393638170973
0.6899606299212598,0.040354330708661415,0.06988188976377953,0.040354330708661415,0.12893700787401574,0.030511811023622045
0.49801192842942343,0.010934393638170973,0.0805168986083499,0.040755467196819085,0.11033797216699802,0.25944333996023855
0.6371769383697813,0.02087475149105368,0.10039761431411531,0.010934393638170973,0.22962226640159047,0.0009940357852882705
0.647117296222664,0.0009940357852882705,0.14015904572564614,0.010934393638170973,0.16003976143141155,0.040755467196819085
0.7238955823293173,0.0010040160642570282,0.10140562248995985,0.05120481927710844,0.10140562248995985,0.021084337349397592
0.4184890656063618,0.0009940357852882705,0.06063618290258449,0.010934393638170973,0.48807157057654077,0.02087475149105368
0.48807157057654077,0.09045725646123261,0.0805168986083499,0.02087475149105368,0.24950298210735586,0.07057654075546721
0.7465208747514911,0.02087475149105368,0.0805168986083499,0.040755467196819085,0.040755467196819085,0.07057654075546721
0.41265060240963863,0.041164658634538165,0.11144578313253015,0.06124497991967873,0.3122489959839358,0.06124497991967873
0.3825301204819277,0.05120481927710844,0.09136546184738956,0.04116465863453816,0.33232931726907633,0.10140562248995985
0.2821285140562249,0.02108433734939759,0.1114457831325301,0.02108433734939759,0.5532128514056225,0.011044176706827308
0.21968190854870775,0.0009940357852882705,0.06063618290258449,0.03081510934393638,0.6371769383697813,0.05069582504970179
0.378727634194831,0.25944333996023855,0.16998011928429424,0.10039761431411531,0.07057654075546721,0.02087475149105368
0.4026104417670683,0.021084337349397592,0.13152610441767068,0.09136546184738956,0.011044176706827308,0.3423694779116466
0.6636546184738956,0.0010040160642570282,0.06124497991967871,0.07128514056224901,0.021084337349397592,0.18172690763052207
0.39860834990059646,0.010934393638170973,0.02087475149105368,0.010934393638170973,0.5079522862823062,0.05069582504970179
0.18172690763052207,0.001004016064257028,0.031124497991967866,0.20180722891566263,0.30220883534136544,0.2821285140562249
0.18172690763052207,0.001004016064257028,0.031124497991967866,0.20180722891566263,0.30220883534136544,0.2821285140562249
0.18172690763052207,0.0010040160642570282,0.05120481927710844,0.03112449799196787,0.7339357429718876,0.0010040160642570282
0.18172690763052207,0.0010040160642570282,0.05120481927710844,0.03112449799196787,0.7339357429718876,0.0010040160642570282
0.21968190854870775,0.0009940357852882705,0.040755467196819085,0.02087475149105368,0.6669980119284294,0.05069582504970179
0.6536144578313253,0.0010040160642570282,0.09136546184738956,0.03112449799196787,0.11144578313253012,0.11144578313253012
0.48326771653543305,0.1781496062992126,0.09940944881889764,0.08956692913385826,0.05019685039370079,0.09940944881889764
0.453740157480315,0.000984251968503937,0.060039370078740155,0.02066929133858268,0.4438976377952756,0.02066929133858268
0.453740157480315,0.000984251968503937,0.060039370078740155,0.02066929133858268,0.4438976377952756,0.02066929133858268
0.5576540755467198,0.010934393638170973,0.11033797216699802,0.040755467196819085,0.19980119284294234,0.0805168986083499
0.5576540755467198,0.010934393638170973,0.11033797216699802,0.040755467196819085,0.19980119284294234,0.0805168986083499
0.5278330019880716,0.07057654075546721,0.10039761431411531,0.06063618290258449,0.19980119284294234,0.040755467196819085
0.5974155069582505,0.03081510934393638,0.17992047713717693,0.09045725646123261,0.010934393638170973,0.09045725646123261
0.5974155069582505,0.03081510934393638,0.17992047713717693,0.09045725646123261,0.010934393638170973,0.09045725646123261
0.14015904572564614,0.0009940357852882705,0.05069582504970179,0.03081510934393638,0.7664015904572564,0.010934393638170973
0.14015904572564614,0.0009940357852882705,0.05069582504970179,0.03081510934393638,0.7664015904572564,0.010934393638170973
0.24950298210735586,0.0009940357852882705,0.07057654075546721,0.20974155069582504,0.14015904572564614,0.32902584493041753
0.28641732283464566,0.030511811023622045,0.1781496062992126,0.06988188976377953,0.05019685039370079,0.38484251968503935
0.3257874015748032,0.10925196850393701,0.06988188976377953,0.060039370078740155,0.41437007874015747,0.02066929133858268
0.5079522862823062,0.02087475149105368,0.2992047713717694,0.07057654075546721,0.010934393638170973,0.09045725646123261
0.547713717693837,0.02087475149105368,0.10039761431411531,0.03081510934393638,0.15009940357852883,0.15009940357852883
0.5079522862823062,0.010934393638170973,0.17992047713717693,0.010934393638170973,0.13021868787276342,0.16003976143141155
0.573293172690763,0.011044176706827308,0.09136546184738956,0.03112449799196787,0.2821285140562249,0.011044176706827308
0.39860834990059646,0.010934393638170973,0.11033797216699802,0.05069582504970179,0.4085487077534791,0.02087475149105368
0.5226377952755906,0.010826771653543307,0.14862204724409447,0.08956692913385826,0.09940944881889764,0.12893700787401574
0.2992047713717694,0.010934393638170973,0.18986083499005965,0.010934393638170973,0.3190854870775348,0.16998011928429424
0.45825049701789267,0.02087475149105368,0.16998011928429424,0.10039761431411531,0.23956262425447314,0.010934393638170973
0.5127952755905512,0.0797244094488189,0.12893700787401574,0.0797244094488189,0.13877952755905512,0.060039370078740155
0.09045725646123261,0.09045725646123261,0.05069582504970179,0.05069582504970179,0.6272365805168986,0.09045725646123261
0.44277108433734935,0.05120481927710843,0.05120481927710843,0.071285140562249,0.3624497991967871,0.02108433734939759
0.040354330708661415,0.030511811023622045,0.10925196850393701,0.08956692913385826,0.6702755905511811,0.060039370078740155
