0,1,2,3,4,5
0.20945924762598866,0.15543079796826564,0.15764611948673687,0.18628302988250628,0.17729304708960317,0.11388775794689539
0.20878900913802367,0.15564040611264116,0.15782155516229865,0.18601965627484074,0.17716618494713632,0.11456318836505977
0.20811937720631815,0.1558489917394305,0.15799595971041777,0.18575520336127893,0.17703829478602495,0.11524217319652823
0.20745035470163634,0.15605654618168016,0.15816932566149508,0.1854896724250945,0.17690937528375875,0.11592472574633632
0.20678194450080858,0.15626306075765312,0.15834164553644864,0.18522306477455386,0.17677942512926786,0.11661085930126522
0.20611414948679793,0.1564685267711694,0.15851291184702482,0.18495538174309012,0.17664844302313687,0.11730058712878291
0.20544697254873454,0.15667293551193437,0.15868311709608954,0.18468662468946262,0.1765164276778084,0.11799392247596743
0.20478041658199145,0.15687627825589387,0.15885225377794435,0.18441679499793615,0.17638337781780408,0.11869087856843226
0.2041144844882158,0.15707854626556725,0.15902031437862524,0.18414589407843918,0.1762492921799301,0.11939146860922134
0.2034491791754029,0.15727973079041646,0.1591872913762296,0.1838739233667468,0.17611416951349787,0.12009570577770905
0.20278450355793326,0.15747982306718916,0.15935317724122483,0.18360088432463656,0.1759780085805389,0.12080360322847684
0.2021204605566338,0.157678814320295,0.15951796443678307,0.1833267784400766,0.1758408081560294,0.12151517409018314
0.20145705309883016,0.1578766957621635,0.1596816454190986,0.18305160722738587,0.1757025670281051,0.12223043146441934
0.200794284118392,0.15807345859362532,0.1598442126377271,0.1827753722274094,0.1755632839982921,0.12294938842455448
0.20013215655579436,0.15826909400428885,0.1600056585359229,0.1824980750076944,0.1754229578817269,0.12367205801457117
0.19947067335816368,0.1584635931729254,0.16016597555097684,0.18221971716266241,0.1752815875073883,0.12439845324788261
0.19880983747933106,0.15865694726785667,0.16032515611456566,0.18194030031378472,0.17513917171832566,0.1251285871061404
0.19814965187987865,0.1588491474473535,0.16048319265309963,0.18165982610975268,0.17499570937188474,0.12586247253803326
0.19749011952719742,0.15904018486003493,0.16064007758808022,0.18137829622665894,0.17485119933995166,0.1266001224580726
0.19683124339553718,0.1592300506452772,0.1607958033364652,0.1810957123681741,0.17470564050918352,0.12734154974536394
0.1961730264660447,0.15941873593361697,0.1609503623110206,0.18081207626571305,0.1745590317812398,0.12808676724236306
0.19551547172682854,0.15960623184718045,0.16110374692070198,0.18052738967862636,0.1744113720730314,0.12883578775363216
0.1948585821729961,0.15979252950009695,0.16125594957102082,0.1802416543943634,0.17426266031695356,0.1295886240445671
0.1942023608067104,0.15997761999893187,0.16140696266443003,0.1799548722286612,0.17411289546113629,0.13034528884013016
0.19354681063723136,0.16016149444311845,0.1615567786006992,0.17966704502571554,0.17396207646968223,0.13110579482355442
0.1928919346809637,0.1603441439253975,0.16170538977730908,0.17937817465836053,0.1738102023229185,0.1318701546350482
0.19223773596151175,0.16052555953226638,0.16185278858984484,0.1790882630282515,0.17365727201764353,0.13263838087048307
0.19158421750971266,0.16070573234442231,0.1619989674323864,0.17879731206603555,0.17350328456737427,0.13341048608006417
0.19093138236369708,0.1608846534372271,0.1621439186979227,0.17850532373154318,0.1733482390026088,0.13418648276700285
0.19027923356891518,0.1610623138811637,0.1622876347787458,0.17821230001395302,0.1731921343710646,0.13496638338615882
0.18962777417819957,0.16123870474230578,0.16243010806687425,0.17791824293198338,0.1730349697379492,0.13575020034268603
0.1889770072517985,0.16141381708279412,0.1625713309544642,0.17762315453407002,0.17287674418621302,0.13653794599065822
0.18832693585741933,0.1615876419613137,0.16271129583423438,0.1773270368985396,0.1727174568168054,0.13732963263168738
0.1876775630702746,0.16176017043357663,0.16284999509988865,0.17702989213379997,0.17255710674894,0.13812527251352041
0.1870288919731183,0.16193139355282044,0.1629874211465524,0.17673172237851031,0.1723956931203573,0.13892487782863935
0.1863809256562937,0.16210130237029977,0.1631235663712088,0.17643252980177274,0.17223321508758943,0.13972846071283718
0.1857336672177653,0.162269887935789,0.16325842317313577,0.1761323166033029,0.17206967182622565,0.14053603324378372
0.1850871197631587,0.16243714129809295,0.16339198395435722,0.17583108501361608,0.1719050625311832,0.14134760743958769
0.18444128640580995,0.16260305350556492,0.16352424112009697,0.1755288372942115,0.17173938641697706,0.14216319525733784
0.1837961702667865,0.16276761560662004,0.16365518707922444,0.17522557573774336,0.17157264271798892,0.1429828085916344
0.18315177447493503,0.16293081865026887,0.16378481424473024,0.17492130266820868,0.17140483068874415,0.1438064592731145
0.18250810216690921,0.16309265368664336,0.16391311503418124,0.17461602044112662,0.17123594960418473,0.14463415906695803
0.18186515648721138,0.16325311176754054,0.16404008187019573,0.17430973144371759,0.17106599875994724,0.14546591967138467
0.18122294058822364,0.16341218394696908,0.16416570718092635,0.1740024380950872,0.17089497747264437,0.14630175271614915
0.18058145763023642,0.16356986128169002,0.16428998340053003,0.17369414284640367,0.17072288508013728,0.1471416697610032
0.17994071078148371,0.1637261348317824,0.16441290296966352,0.1733848481810762,0.17054972094182463,0.14798568229416958
0.17930070321817282,0.1638809956612026,0.16453445833597133,0.17307455661493948,0.17037548443892248,0.14883380173078942
0.1786614381245155,0.16403443483835453,0.16465464195458335,0.17276327069643002,0.17020017497475032,0.14968603941136563
0.178022918692751,0.16418644343666014,0.16477344628861662,0.1724509930067676,0.17002379197501655,0.1505424066001908
0.17738514812317607,0.16433701253514194,0.16489086380967752,0.17213772616013073,0.1698463348881042,0.1514029144837684
0.17674812962417477,0.16448613321901284,0.16500688699838434,0.17182347280384214,0.1696678031853681,0.15226757416921752
0.1761118664122346,0.1646337965802644,0.16512150834487224,0.17150823561853884,0.16948819636141424,0.15313639668267404
0.1754763617119785,0.16477999371826946,0.165234720349322,0.17119201731835465,0.1693075139344029,0.1540093929676728
0.17484161875618043,0.16492471574038015,0.16534651552248483,0.17087482065109763,0.16912575544633238,0.15488657388352303
0.17420764078578985,0.16506795376254577,0.16545688638621403,0.17055664839842688,0.16894292046334206,0.15576795020367698
0.17357443104995357,0.16520969890992965,0.16556582547400464,0.17023750337602758,0.16875900857600587,0.15665353261408188
0.17294199280602277,0.16534994231752312,0.16567332533152854,0.16991738843378318,0.16857401939962363,0.1575433317115174
0.17231032931958687,0.1654886751307855,0.1657793785171917,0.16959630645596094,0.16838795257453332,0.15843735800194145
0.17167944386447473,0.16562588850627158,0.1658839776026772,0.16927426036137513,0.16820080776639712,0.15933562189880207
0.17104933972277606,0.16576157361227614,0.16598711517350717,0.16895125310356993,0.16801258466651378,0.16023813372135676
0.1704200201848522,0.16589572162947963,0.16608878382960274,0.16862728767098323,0.16782328299211166,0.16114490369297155
0.16979148854934553,0.16602832375159948,0.16618897618585304,0.16830236708712595,0.1676329024866617,0.16205594193941658
0.16916374812319065,0.16615937118605184,0.1662876848726838,0.16797649441075171,0.16744144292017346,0.1629712584871476
0.16853680222162568,0.16628885515461805,0.16638490253663935,0.1676496727360259,0.16724890408950976,0.1638908632615819
0.16791065416819012,0.16641676689410884,0.16648062184095985,0.1673219051926959,0.1670552858186845,0.1648147660853591
0.1672853072947392,0.1665430976570477,0.16657483546617124,0.16699319494626189,0.1668605879591789,0.16574297667660004
0.16666076494144197,0.16666783871235144,0.16666753611067542,0.16666354519813864,0.16666481039024486,0.16667550464714695
0.1660370304567838,0.16679098134601586,0.16675871649134705,0.1663329591858289,0.1664679530192174,0.16761235950080602
0.1654141071975642,0.16691251686181804,0.1668483693441378,0.16600144018308435,0.16627001578182388,0.16855355063156968
0.16479199852890106,0.16703243658200853,0.16693648742467845,0.1656689915000739,0.1660709986424997,0.1694990873218391
0.16417070782422022,0.16715073184802254,0.16702306350889384,0.16533561648353973,0.16587090159469267,0.17044897874063036
0.16355023846525532,0.16726739402119165,0.16710809039361676,0.16500131851696917,0.1656697246611862,0.1714032339417821
0.16293059384203645,0.16738241448346056,0.16719156089721077,0.1646661010207446,0.16546746789440717,0.17236186186214303
0.16231177735288413,0.16749578463810977,0.167273467860194,0.1643299674523124,0.16526413137673948,0.1733248713197595
0.16169379240439827,0.16760749591049284,0.1673538041458719,0.16399292130633425,0.16505971522084636,0.17429227101205538
0.16107664241144362,0.16771753974875914,0.16743256264096984,0.1636549661148468,0.1648542195699798,0.1752640695139973
0.160460330797138,0.16782590762460656,0.16750973625627677,0.16331610544741573,0.1646476445983015,0.176240275276261
0.15984486099283096,0.1679325910340208,0.16758531792728298,0.1629763429112887,0.1644399905111949,0.17722089662338023
0.15923023643809103,0.1680375814980314,0.1676593006148387,0.16263568215154836,0.16423125754558948,0.17820594175190305
0.15861646058068096,0.1681408705634682,0.1677316773057985,0.16229412685126035,0.16402144597027316,0.17919541872852188
0.1580035368765352,0.16824244980372452,0.16780244101368616,0.16195168073162533,0.16381055608621342,0.18018933548821733
0.15739146878973845,0.16834231081952794,0.16787158477935243,0.16160834755212455,0.16359858822687678,0.1811876998323779
0.1567802597924972,0.1684404452397148,0.16793910167165074,0.16126413111066246,0.16338554275854894,0.18219051942692624
0.15616991336510813,0.16853684472200575,0.16800498478809658,0.1609190352437124,0.1631714200806479,0.18319780180042958
0.15556043299593014,0.16863150095379698,0.16806922725555468,0.16057306382645975,0.16295622062605014,0.1842095543422098
0.1549518221813498,0.1687244056529462,0.16813182223091122,0.16022622077293291,0.16273994486140783,0.18522578430044986
0.1543440844257482,0.16881555056857345,0.16819276290176766,0.15987851003615527,0.16252259328746982,0.1862464987802878
0.15373722324145891,0.16890492748185654,0.16825204248711761,0.1595299356082631,0.16230416643939857,0.18727170474190669
0.15313124214873144,0.1689925282068396,0.16830965423805194,0.1591805015206527,0.16208466488709455,0.1883014089986283
0.15252614467568748,0.16907834459124924,0.16836559143845017,0.15883021184410545,0.1618640892355113,0.1893356182149962
0.1519219343582774,0.16916236851730143,0.1684198474056809,0.15847907068891617,0.16164244012497808,0.19037433890484434
0.15131861474023126,0.16924459190253374,0.1684724154913111,0.15812708220502142,0.16141971823151835,0.19141757742938262
0.1507161893730116,0.16932500670062345,0.16852328908181272,0.15777425058212372,0.16119592426717083,0.19246533999525903
0.15011466181576008,0.16940360490222162,0.16857246159927505,0.15742058004981013,0.16097105898030153,0.19351763265263056
0.1495140356352447,0.16948037853579176,0.16861992650213017,0.15706607487767685,0.16074512315593253,0.19457446129322348
0.14891431440580088,0.16955531966844667,0.1686656772858618,0.15671073937544258,0.16051811761605467,0.19563583164839318
0.1483155017092763,0.16962842040679832,0.16870970748373904,0.15635457789306167,0.1602900432199432,0.19670174928718667
0.14771760113496385,0.16969967289780252,0.16875201066753992,0.15599759482083825,0.16006090086447633,0.1977722196143828
0.14712061627954093,0.16976906932961908,0.16879258044828913,0.15563979458953422,0.15983069148445564,0.19884724786856156
0.14652455074700335,0.16983660193246938,0.16883141047698844,0.15528118167047625,0.15959941605291875,0.19992683912014264
