0,1,2,3,4,5
0.47011537922876045,0.056580486330110064,0.2005368776810186,0.07467200701139856,0.11672691685353768,0.08136833289517335
0.4697683486903817,0.05700327110587074,0.20054419743747176,0.07435512417219853,0.11692422546461702,0.08140483312946027
0.46941922802027686,0.057429002157046126,0.20055035737213003,0.0740392116982278,0.11712132029085007,0.08144088046146696
0.46906801256031394,0.05785769729788245,0.20055535376348735,0.07372426732461387,0.11731819632333684,0.08147647273036673
0.4687146976355706,0.05828937441045473,0.20055918288048172,0.07341028878650552,0.1175148485188685,0.08151160776811743
0.4683592785546449,0.058724051444277746,0.20056184098258575,0.07309727381917487,0.11771127179982438,0.08154628339949162
0.4680017506099647,0.059161746415899004,0.20056332431987497,0.0727852201581065,0.11790746105405751,0.0815804974420951
0.4676421090781036,0.059602477408483866,0.20056362913311904,0.0724741255390953,0.11810341113479776,0.08161424770639947
0.4672803492201036,0.06004626257138177,0.2005627516538668,0.07216398769833778,0.11829911686054453,0.08164753199576678
0.46691646628180794,0.06049312011968154,0.20056068810453379,0.07185480437252828,0.11849457301496813,0.08168034810647995
0.4665504554942063,0.06094306833375233,0.20055743469850262,0.07154657329895207,0.11868977434681079,0.08171269382777538
0.4661823120737695,0.06139612555876963,0.2005529876402173,0.07123929221557868,0.11888471556979172,0.08174456694187485
0.4658120312228034,0.06185231020422632,0.20054734312528186,0.07093295886115555,0.11907939136251099,0.0817759652240219
0.4654396081298295,0.0623116407434301,0.20054049734056706,0.07062757097529943,0.11927379636835783,0.08180688644251329
0.46506503796992493,0.06277413571298784,0.20053244646432494,0.07032312629859215,0.11946792519542264,0.08183732835874438
0.4646883159051216,0.06323981371226955,0.20052318666629185,0.07001962257266958,0.11966177241640628,0.08186728872724207
0.46430943708476813,0.06370869340286255,0.20051271410780633,0.06971705754031608,0.11985533256853811,0.08189676529570876
0.4639283966459457,0.06418079350800743,0.20050102494193292,0.06941542894555568,0.12004860015349039,0.08192575580506638
0.4635451897138483,0.06465613281202084,0.20048811531358512,0.069114734533744,0.12024156963730323,0.0819542579894995
0.46315981140219153,0.06513473015969876,0.2004739813596483,0.06881497205165833,0.12043423545029887,0.08198226957650176
0.462772256813643,0.06561660445570684,0.20045861920911776,0.06851613924759106,0.12062659198701504,0.08200978828692669
0.46238252104022176,0.06610177466395446,0.20044202498322433,0.06821823387143823,0.12081863360612614,0.08203681183503335
0.46199059916374813,0.06659025980695042,0.20042419479558904,0.06792125367479075,0.12101035463037688,0.08206333792854409
0.46159648625627403,0.06708207896514497,0.20040512475234765,0.06762519641102484,0.1212017493465147,0.08208936426869375
0.46120017738052627,0.06757725127625169,0.20038481095231603,0.06733005983539146,0.12139281200522378,0.08211488855028727
0.4608016675903768,0.06807579593455645,0.2003632494871305,0.0670358417051072,0.12158353682107033,0.08213990846175873
0.46040095193128233,0.06857773219020526,0.20034043644140742,0.06674253977944068,0.12177391797243452,0.08216442168522764
0.45999802544078217,0.06908307934847831,0.20031636789290544,0.06645015181980463,0.12196394960146385,0.08218842589656385
0.4595928831489617,0.06959185676904296,0.20029103991268438,0.06615867558984233,0.12215362581401548,0.08221191876545084
0.459185520078945,0.07010408386519433,0.20026444856528358,0.06586810885551801,0.12234294067961327,0.08223489795544847
0.4587759312473895,0.07061978010306968,0.20023658990888227,0.06557844938520135,0.1225318882313927,0.08225736112406405
0.45836411166500024,0.07113896500085609,0.20020745999548928,0.06528969494975917,0.12272046246607056,0.08227930592282057
0.45795005633704167,0.07166165812796797,0.2001770548711202,0.06500184332264194,0.12290865734389667,0.08230072999732885
0.457533760263854,0.07218787910421427,0.20014537057598455,0.06471489227996659,0.12309646678862124,0.08232163098736231
0.4571152184413856,0.07271764759894388,0.2001124031446702,0.06442883960060906,0.12328388468746339,0.08234200652693023
0.45669442586174425,0.073250983330173,0.20007814860635384,0.06414368306628666,0.12347090489108244,0.08236185424435967
0.4562713775137388,0.07378790606369394,0.20004260298499257,0.0638594204616457,0.12365752121355385,0.082381171762375
0.4558460683834429,0.07432843561216178,0.20000576229952405,0.06357604957434716,0.12384372743234481,0.08239995669817927
0.45541849345475505,0.07487259183416513,0.1999676225640906,0.06329356819515061,0.12402951728830144,0.08241820666353958
0.4549886477099796,0.07542039463327649,0.19992817978823826,0.06301197411799973,0.12421488448563132,0.08243591926487519
0.45455652613041925,0.07597186395708137,0.19988742997715137,0.06273126514010872,0.12439982269189778,0.08245309210334646
0.4541221236969505,0.07652701979618703,0.19984536913186235,0.06245143906204228,0.12458432553800841,0.08246972277494807
0.4536854353906636,0.07708588218321545,0.19980199324949774,0.06217249368780434,0.1247683866182235,0.08248580887059975
0.45324645619342896,0.07764847119176858,0.1997572983234939,0.061894426824917116,0.12495199949014571,0.08250134797624638
0.45280518108856516,0.07821480693538005,0.19971128034385338,0.06161723628450705,0.12513515767473857,0.08251633767295549
0.4523616050614425,0.07878490956644298,0.19966393529737927,0.06134091988138613,0.12531785465633155,0.08253077553701972
0.45191572310013056,0.07935879927511438,0.19961525916792694,0.06106547543413409,0.1255000838826363,0.08254465914005722
0.45146753019606445,0.07993649628820361,0.19956524793666275,0.06079090076518021,0.1256818387647675,0.08255798604912247
0.4510170213446823,0.0805180208680359,0.1995138975823187,0.06051719370088574,0.12586311267726785,0.08257075382681205
0.45056419154611127,0.08110339331129489,0.1994612040814571,0.06024435207162386,0.1260438989581359,0.08258296003137713
0.45010903580584977,0.08169263394784453,0.1994071634087488,0.059972373711860254,0.1262241909088606,0.08259460221683675
0.4496515491354432,0.08228576313952754,0.19935177153724093,0.0597012564602336,0.12640398179445966,0.08260567793309462
0.4491917265531983,0.0828828012789434,0.19929502443864122,0.05943099815963556,0.1265832648435235,0.08261618472605788
0.4487295630848808,0.08348376878820303,0.1992369180836039,0.059161596657290316,0.12676203324826274,0.08262612013775897
0.44826505376444903,0.084088686117661,0.19917744844202204,0.05889304980483155,0.12694028016456213,0.08263548170647941
0.4477981936347568,0.08469757374462325,0.19911661148332305,0.058625355458383106,0.12711799871203655,0.08264426696687543
0.4473289777483299,0.08531045217204115,0.1990544031767784,0.05835851147863654,0.12729518197410128,0.08265247345011205
0.44685740116808265,0.08592734192716542,0.19899081949180233,0.058092515730927746,0.12747182299803253,0.08266009868398974
0.44638345896809073,0.08654826356019572,0.19892585639827232,0.057827366085315184,0.12764791479504708,0.08266714019308283
0.445907146234357,0.08717323764289175,0.1988595098668455,0.057563060416653766,0.12782345034037781,0.08267359549887639
0.4454284580655955,0.08780228476717244,0.19879177586928884,0.057299596604676,0.12799842257336444,0.08267946211990625
0.4449473895740102,0.08843542554368278,0.19872265037880382,0.05703697253406285,0.12817282439753813,0.08268473757190427
0.4444639358861101,0.08907268060034045,0.1986521293703684,0.05677518609452156,0.12834664868071996,0.08268941936794191
0.44397809214350054,0.08971407058086017,0.1985802088210756,0.056514235180859046,0.12851988825512495,0.08269350501858012
0.4434898535037149,0.09035961614325035,0.19850688471048936,0.05625411769305755,0.1286925359174672,0.08269699203202281
0.44299921514103696,0.09100933795828722,0.19843215302098474,0.0559948315363461,0.1288645844290744,0.08269987791426882
0.4425061722473514,0.09166325670796449,0.1983560097381246,0.0557363746212765,0.12903602651600626,0.08270216016927258
0.44201072003298103,0.09232139308391839,0.19827845085101428,0.055478744863793894,0.129206854869186,0.08270383629910215
0.4415128537275587,0.09298376778582712,0.19819947235267898,0.05522194018530983,0.1293770621445237,0.08270490380410551
0.44101256858088184,0.09365040151978352,0.1981190702404346,0.054965958512772785,0.1295466409630592,0.08270536018307147
0.4405098598638089,0.09432131499665003,0.1980372405162832,0.05471079777874137,0.12971558391110655,0.08270520293340751
0.44000472286915615,0.09499652893038031,0.19795397918729452,0.054456455921453574,0.1298838835404066,0.08270442955130651
0.43949715291258035,0.0956760640363173,0.19786928226600478,0.054202930884897055,0.13005153236828002,0.0827030375319235
0.4389871453334905,0.09635994102946661,0.1977831457708168,0.05395022061887694,0.13021852287779248,0.08270102436955405
0.438474695495998,0.0970481806227502,0.1976955657264125,0.05369832307908886,0.13038484751793084,0.08269838755781782
0.43795979878981883,0.09774080352522027,0.1976065381641633,0.05344723622718262,0.13055049870377033,0.08269512458984123
0.4374424506312316,0.09843783044026176,0.19751605912255407,0.05319695803083409,0.1307154688166712,0.08269123295844766
0.4369226464640245,0.09913928206376,0.19742412464760412,0.05294748646380852,0.13087975020445788,0.08268671015634466
0.4364003817604688,0.0998451790822429,0.19733073079331065,0.05269881950603053,0.13104333518162609,0.08268155367632266
0.4358756520222789,0.10055554217100432,0.1972358736220754,0.05245095514364799,0.13120621602954327,0.0826757610114495
0.435348452781613,0.10127039199218826,0.19713954920516152,0.05220389136909848,0.13136838499666398,0.08266932965527153
0.43481877960205784,0.10198974919286008,0.19704175362313922,0.05195762618117435,0.13152983429874776,0.08266225710201915
0.4342866280796319,0.10271363440304013,0.1969424829663457,0.05171215758508584,0.13169055611908842,0.08265454084681008
0.43375199384380436,0.10344206823371606,0.19684173333534632,0.05146748359252482,0.13185054260874401,0.0826461783858635
0.4332148725585313,0.1041750712748299,0.19673950084141398,0.05122360222172951,0.1320097858867868,0.0826371672167112
0.43267525992326844,0.10491266409323251,0.19663578160699458,0.05098051149754418,0.13216827804054535,0.0826275048384136
0.43213315167404515,0.10565486723061773,0.19653057176620445,0.05073820945148309,0.13232601112586595,0.08261718875178421
0.4315885435844978,0.10640170120142027,0.19642386746530607,0.050496694121789976,0.13248297716737806,0.08260621645960617
0.431041431466951,0.10715318649070021,0.19631566486321617,0.050255963553499726,0.13263916815876706,0.08259458546686543
0.4304918111734914,0.1079093435519841,0.19620596013199895,0.050016015798496356,0.13279457606305203,0.08258229328097562
0.4299396785970495,0.1086701928050943,0.19609474945738542,0.049776848915573796,0.13294919281288173,0.08256933741201475
0.42938502967250497,0.10943575463393765,0.19598202903927978,0.04953846097049359,0.1331030103108255,0.08255571537295892
0.4288278603777889,0.1102060493842743,0.195867795092287,0.04930085003604156,0.13325602042968165,0.08254142467992548
0.42826816673500634,0.11098109736146036,0.19575204384623957,0.04906401419208669,0.13340821501279398,0.08252646285241357
0.42770594481155627,0.11176091882815645,0.19563477154673356,0.04882795152563605,0.1335595858743664,0.08251082741355263
0.4271411907212773,0.11254553400201346,0.19551597445566862,0.04859266013089024,0.13371012479980235,0.08249451589035053
0.4265739006255884,0.11333496305333099,0.19539564885179708,0.04835813810929822,0.13385982354603576,0.0824775258139487
0.42600407073465546,0.11412922610268501,0.195273791031277,0.04812438356961297,0.13400867384188764,0.08245985471987964
0.4254316973085505,0.11492834321853061,0.19515039730823502,0.04789139462794252,0.134156667388416,0.08244150014832462
0.42485677665842503,0.1157323344147756,0.19502546401533236,0.04765916940780355,0.13430379585928304,0.08242245964437915
