0,1,2,3,4,5
0.14198061056326436,0.1505427703521284,0.17349221103877033,0.17539851788943076,0.17894973003603712,0.17963616012036954
0.14328808651800115,0.15143428521919342,0.17314238974991586,0.17493767824318293,0.17827533498662587,0.1789222252830796
0.14460402723024512,0.15232716645976774,0.17278880359805032,0.17447358272171476,0.17759947198129594,0.17820694800892567
0.14592842982272664,0.15322135969829706,0.17243146048202987,0.1740062448510465,0.17692215732637612,0.17749034781952694
0.14726129042019384,0.15411680992979804,0.1720703687776538,0.17353567861419994,0.1762434076819346,0.17677244457621963
0.14860260414070656,0.15501346152557288,0.1717055373403557,0.1730618984526227,0.17556324006151647,0.17605325847922598
0.1499523650871374,0.15591125823919422,0.17133697550777133,0.17258491926745698,0.17488167183174663,0.17533281006669205
0.15131056633890794,0.1568101432127539,0.17096469310219162,0.17210475642069678,0.17419872071183293,0.17461112021361813
0.15267719994394974,0.15771005898337428,0.1705887004328822,0.17162142573620878,0.17351440477293265,0.17388821013065228
0.15405225691090774,0.1586109474899929,0.17020900829828234,0.17113494350061673,0.17282874243741897,0.17316410136278407
0.15543572720158516,0.15951275008040625,0.16982562798806528,0.17064532646404493,0.17214175247800728,0.17243881578789422
0.1568275997236437,0.1604154075185851,0.1694385712850736,0.17015259184073397,0.17145345401677223,0.17171237561519376
0.15822786232355482,0.1613188599922592,0.16904785046711082,0.16965675730950064,0.17076386652403647,0.17098480338353683
0.15963650177982103,0.16222304712075963,0.16865347830860392,0.1691578410140703,0.17007300981714082,0.17025612195960246
0.16105350379646322,0.16312790796313942,0.16825546808211495,0.16865586156325107,0.16938090405907671,0.1695263545359574
0.1624788529967831,0.16403338102654602,0.1678538335597156,0.16815083803096603,0.16868756975700425,0.1687955246289856
0.16391253291741276,0.164939404274878,0.16744858901421814,0.16764278995614507,0.167993027760646,0.1680636560766999
0.1653545260026472,0.16584591513768762,0.1670397492202553,0.1671317373424518,0.16729729926053816,0.1673307730364161
0.166804813599077,0.16675285051935795,0.16662732945521183,0.1666177006578739,0.16660040578617122,0.16659689998230764
0.16826337595050864,0.16766014680853997,0.16621134549999772,0.16610070083414513,0.16590236920398568,0.16586206170282297
0.1697301921932056,0.16856773988784832,0.16579181363968246,0.1655807592660238,0.16520321171525268,0.16512628329798387
0.17120524035143384,0.16947556514382225,0.16536875066395898,0.16505789781041483,0.1645029558538174,0.16438959017655078
0.17268849733331643,0.17038355747713987,0.16494217386745152,0.16453213878532658,0.1638016244837119,0.16365200805305388
0.1741799389270226,0.17129165131308594,0.1645121010498732,0.16400350496867314,0.16309924079663796,0.16291356294470705
0.17567953979727619,0.17219978061228455,0.16407855051601045,0.16347201959692148,0.16239582830932442,0.16217428116818025
0.17718727348219807,0.17310787888167328,0.16364154107555381,0.16293770636356988,0.16169141086074865,0.16143418933625636
0.1787031123904874,0.17401587918572595,0.16320109204275238,0.1624005894174676,0.1609860126092257,0.16069331435434414
0.1802270277989349,0.17492371415793442,0.16275722323591243,0.16186069336097272,0.16027965802937158,0.15995168341687516
0.18175898985030242,0.1758313160125226,0.16230995497672585,0.16131804324794644,0.15957237190893245,0.15920932400357027
0.18329896755153197,0.17673861655640613,0.16185930808942134,0.16077266458158113,0.1588641793454855,0.1584662638755737
0.1848469287723219,0.17764554720138903,0.16140530389975566,0.16022458331206318,0.1581551057430045,0.1577225310714669
0.18640284024406065,0.17855203897659708,0.160947964233824,0.1596738258340724,0.15744517680830158,0.15697815390314798
0.18796666755911715,0.17945802254113985,0.1604873114167,0.15912041898411367,0.15673441854733433,0.15623316095159306
0.18953837517051447,0.18036342819700532,0.16002336827091326,0.15856439003768358,0.15602285726138965,0.15548758106249233
0.1911179263919502,0.18126818590216956,0.15955615811472557,0.15800576670627073,0.15531051954312858,0.154741443341754
0.19270528339820955,0.182172225283933,0.15908570476025805,0.1574445771341846,0.15459743227251613,0.15399477715089438
0.19430040722595285,0.1830754756524757,0.158612032511429,0.15688084989522497,0.15388362261261407,0.1532476121023016
0.19590325777487194,0.1839778660146076,0.15813516616171147,0.15631461398917867,0.15316911800525024,0.15249997805437898
0.19751379380924178,0.18487932508774618,0.15765513099172251,0.1557458988381538,0.15245394616656596,0.15175190510656958
0.19913197295985402,0.18577978131408115,0.15717195276662868,0.15517473428274448,0.15173813508243295,0.15100342359425978
0.20075775172633165,0.18667916287494274,0.1566856577333714,0.1546011505780299,0.15102171300375228,0.15025456408357157
0.2023910854798451,0.18757739770535983,0.15619627261772118,0.15402517838941424,0.15030470844162638,0.14950535736603238
0.2040319284662113,0.18847441350880248,0.15570382462114374,0.15344684878829098,0.14958715016241808,0.14875583445313478
0.20568023380938644,0.18937013777211187,0.15520834141749423,0.15286619324754963,0.1488690671826757,0.14800602657078382
0.20733595351536027,0.19026449778059973,0.15470985114952823,0.15228324363692108,0.14815048876395973,0.14725596515363293
0.20899903847644072,0.19115742063331953,0.15420838242523927,0.15169803221815392,0.1474314444075327,0.14650568183931179
0.21066943847593803,0.19204883325850355,0.15370396431401626,0.15111059164003818,0.1467119638489529,0.1457552084625486
0.21234710219324435,0.19293866242915939,0.15319662634262135,0.1505209549332577,0.14599207705253958,0.145004577049181
0.2140319772093136,0.19382683477880308,0.15268639849098878,0.14992915550509076,0.1452718142057336,0.1442538198100707
0.21572401001254388,0.19471327681736864,0.1521733111878595,0.14933522713395647,0.14455120571335284,0.14350296913492155
0.21742314600504692,0.19559791494722165,0.1516573953062251,0.14873920396379503,0.14383028219172775,0.14275205758598383
0.2191293295093317,0.196480675479329,0.1511386821586084,0.14814112049830028,0.14310907446274831,0.14200111789167902
0.22084250377537604,0.1973614846495463,0.1506172034921664,0.14754101159500038,0.14238761354779098,0.14125018294012112
0.22256261098808455,0.19824026863502023,0.1500929914836168,0.146938912459179,0.14166593066155167,0.14049928577254814
0.22428959227517686,0.19911695357070994,0.14956607873400285,0.14633485863765808,0.1409440572057865,0.13974845957666726
0.2260233877154286,0.19999146556600844,0.14903649826328141,0.1457288860124248,0.14022202476294152,0.13899773767991394
0.22776393634734118,0.20086373072146352,0.1485042835047495,0.14512103079412186,0.1394998650897032,0.13824715354262285
0.22951117617817504,0.20173367514558244,0.1479694682992915,0.14451132951538326,0.1387776101104437,0.13749674075112311
0.23126504419339797,0.20260122497173125,0.14743208688948314,0.1438998190240437,0.13805529191059165,0.13674653301075607
0.23302547636649426,0.20346630637509452,0.14689217391350837,0.14328653647619463,0.13733294272989943,0.13599656413880992
0.23479240766918535,0.20432884558971512,0.1463497643989365,0.14267151932912053,0.13661059495564776,0.1352468680573974
0.2365657720820069,0.20518876892558463,0.14580489375632705,0.14205480533408876,0.1358882811157477,0.13449747878624707
0.2383455026052888,0.20604600278578863,0.14525759777268407,0.1414364325290191,0.13516603387178147,0.1337484304354413
0.24013153127048306,0.206900473683694,0.14470791260475696,0.1408164392310172,0.13444388601196042,0.13299975719808627
0.24192378915189663,0.20775210826017895,0.14415587477218686,0.1401948640287956,0.13372187044401468,0.13225149334292519
0.24372220637875722,0.2086008333008798,0.1436015211505039,0.13957174577495793,0.1330000201880085,0.13150367320689102
0.24552671214767044,0.20944657575346237,0.14304488896398235,0.13894712357817868,0.132278368369096,0.1307563311876098
0.2473372347354204,0.2102892627449082,0.14248601577834624,0.13832103679526125,0.13155694821021172,0.13000950173585232
0.24915370151213315,0.2111288215987995,0.14192493949333823,0.1376935250230856,0.13083579302470214,0.12926321934794355
0.25097603895478426,0.21196517985259575,0.14136169833515197,0.13706462809044534,0.13011493620890202,0.1285175185581223
0.252804172661058,0.2127982652749101,0.14079633084872373,0.1364343860497869,0.12939441123465523,0.12777243393086835
0.2546380273635373,0.21362800588274472,0.14022887588989752,0.13580283916883837,0.12867425164179058,0.12702800005318896
0.2564775269442394,0.21445432995871813,0.13965937261746378,0.13517002792215,0.12795449103054835,0.12628425152688033
0.25832259444946093,0.21527716606822925,0.13908786048506422,0.13453599298253083,0.12723516305396726,0.12554122296074682
0.26017315210496833,0.21609644307659773,0.13851437923298793,0.13390077521240348,0.12651630141022965,0.12479894896281427
0.2620291213314833,0.21691209016613502,0.13793896887983592,0.13326441565506963,0.12579793983497334,0.12405746413250276
0.2638904227604932,0.2177240368531563,0.13736166971408437,0.1326269555258925,0.12508011209357434,0.12331680305279846
0.26575697625035266,0.21853221300492323,0.13678252228552867,0.13198843620340528,0.12436285197339489,0.12257700028239991
0.26762870090268154,0.21933654885649598,0.1362015673966217,0.1313488992203318,0.12364619327601223,0.12183809034785835
0.26950551507906373,0.2201369750275133,0.13561884609371685,0.13070838625456238,0.12293016980942831,0.1211001077357166
0.2713873364180104,0.22093342253886192,0.13503439965819966,0.1300669391200358,0.12221481538025623,0.1203630868846357
0.2732740818522069,0.22172582282924652,0.13444826959753645,0.1294245997575774,0.1215001637859,0.11962706217753082
0.2751656676260248,0.2225141077716466,0.13386049763622743,0.12878141022567707,0.12078624880671811,0.11889206793370857
0.2770620093132797,0.22329820968964753,0.13327112570666633,0.12813741269120282,0.1200731041981871,0.118158138401014
0.27896302183526556,0.22407806137365602,0.13268019593993602,0.12749264942008762,0.11936076368306382,0.11742530774799205
0.2808686194789929,0.22485359609695424,0.13208775065650466,0.12684716276794666,0.11864926094354261,0.11669361005605965
0.282778715915697,0.2256247476316354,0.13149383235686243,0.12620099517067251,0.11793862961342355,0.11596307931170782
0.28469322421954724,0.2263914502643677,0.13089848371208704,0.12555418913499022,0.11722890327029076,0.11523374939871671
0.28661205688657726,0.22715363881200332,0.13030174755433846,0.12490678722897669,0.11652011542769877,0.11450565409040724
0.2885351258538224,0.22791124863701775,0.12970366686729942,0.12425883207255901,0.11581229952738026,0.11377882704191945
0.2904623425186633,0.22866421566278017,0.12910428477655783,0.12361036632799124,0.11510548893147597,0.11305330178253077
0.292393617758335,0.22941247638862952,0.12850364453993957,0.12296143269030778,0.1143997169147812,0.11232911170800547
0.29432886194964525,0.2301559679047668,0.12790178953779027,0.1223120738777723,0.11369501665702963,0.11160629007299432
0.2962679849888369,0.2308946279069433,0.12729876326322254,0.1216623326223112,0.11299142123520349,0.11088486998348024
0.29821089631162684,0.23162839471095645,0.12669460931232054,0.12101225165994799,0.11228896361588019,0.11016488438926765
0.30015750491338045,0.23235720726691778,0.12608937137431236,0.12036187372123862,0.11158767664761987,0.10944636607653188
0.30210771936944253,0.2330810051733098,0.12548309322171794,0.119711241521708,0.11088759305339471,0.10872934766042433
0.3040614478555966,0.23379972869082097,0.1248758187004712,0.11906039775230419,0.110188745423067,0.10801386157773721
0.30601859816862786,0.23451331875594114,0.12426759172002488,0.11840938506986026,0.10949116620591245,0.1072999400796329
0.30797907774701516,0.23522171699432348,0.12365845624344142,0.11775824608757897,0.1087948877032022,0.10658761522444102
