0,1,2,3,4,5
0.37643847223606713,0.08370105219544609,0.21168512948353585,0.0804842016757727,0.14201602004748387,0.10567512436169367
0.3779397067794551,0.0842441221911505,0.21116459066432788,0.08037340594574192,0.14142590567743454,0.10485226874188983
0.37943834053713493,0.08478937572564833,0.2106413288247476,0.08026102621099322,0.14083575660097983,0.10403417210049598
0.380934308898626,0.0853368123002627,0.21011537923711274,0.0801470735487414,0.1402455984335646,0.1032208275816929
0.3824275474865667,0.08588643139014579,0.20958677722780583,0.08003155912834577,0.13965545668361196,0.1024122280835209
0.38391799216349065,0.08643823244494857,0.20905555817256447,0.07991449420932362,0.13906535674947393,0.10160836626019812
0.3854055790385078,0.08699221488948292,0.20852175749178145,0.07979589013935706,0.13847532391641995,0.10080923452444755
0.38689024447394016,0.08754837812439406,0.20798541064583442,0.07967575835229583,0.1378853833536759,0.10001482504986114
0.38837192509182966,0.08810672152682028,0.20744655313042337,0.07955411036615488,0.13729556011150473,0.0992251297732682
0.3898505577804167,0.08866724445106099,0.20690522047194312,0.07943095778110752,0.13670587911833376,0.09844014039713746
0.39132607970050354,0.08922994622923944,0.20636144822286503,0.0793063122774755,0.13611636517792794,0.09765984839198875
0.39279842829173756,0.089794826171965,0.20581527195714833,0.0791801856137155,0.13552704296660625,0.09688424499882768
0.3942675412788222,0.0903618835689919,0.20526672726567488,0.07905258962440048,0.13493793703051216,0.09611332123159715
0.3957333566776366,0.09093111768988034,0.20471584975170837,0.07892353621820612,0.13434907178292313,0.09534706787964806
0.39719581280125554,0.09150252778465098,0.2041626750263771,0.07879303737588546,0.13376047150161025,0.09458547551022135
0.39865484826591085,0.09207611308444033,0.20360723870419095,0.07866110514825282,0.13317216032624843,0.09382853447095653
0.40011040199683445,0.09265187280215262,0.20304957639857557,0.07852775165415941,0.13258416225586778,0.09307623489240423
0.40156241323404185,0.09322980613310843,0.20248972371744767,0.07839298907847589,0.1319965011463602,0.09232856669056241
0.40301082153798234,0.09380991225568948,0.201927716258809,0.07825682967006682,0.13140920070802817,0.09158551956942151
0.4044555667951495,0.09439219033198382,0.20136358960637663,0.07811928573977606,0.1308222845031879,0.0908470830235269
0.4058965892235611,0.09497663950842382,0.20079737932524502,0.07798036965840596,0.13023577594381258,0.09011324634055354
0.4073338293781637,0.09556325891642305,0.20022912095758183,0.07784009385470439,0.1296496982892355,0.08938399860389284
0.40876722815614575,0.09615204767300824,0.19965885001835082,0.07769847081335098,0.12906407464389522,0.08865932869525073
0.4101967268021436,0.09674300488144706,0.19908660199107456,0.07755551307294807,0.12847892795512783,0.08793922529725835
0.41162226691336556,0.09733612963187382,0.1985124123236331,0.07741123322401504,0.1278942810110179,0.08722367689609499
0.4130437904446144,0.09793142100190763,0.19793631642409057,0.07726564390698595,0.1273101564382871,0.08651267178411509
0.41446123971321663,0.09852887805726705,0.19735834965656618,0.07711875781021486,0.12672657670024204,0.08580619806249297
0.41587455740385487,0.09912849985238338,0.19677854733714248,0.07697058766798237,0.12614356409476526,0.0851042436438704
0.4172836865733028,0.09973028543100292,0.19619694472980448,0.07682114625851165,0.12556114075236224,0.08440679625501427
0.4186885706550665,0.10033423382679005,0.1956135770424236,0.07667044640198682,0.12497932863425006,0.08371384343948354
0.4200891534639166,0.10094034406391905,0.19502847942277823,0.07651850095858116,0.12439814953050117,0.0830253725602994
0.4214853792003478,0.10154861515766896,0.19444168695462247,0.07636532282649332,0.12381762505824018,0.08234137080262785
0.42287719245490224,0.10215904611500036,0.1938532346537779,0.07621092493998396,0.12323777665987762,0.08166182517645944
0.4242645382124343,0.10277163593513888,0.1932631574642828,0.07605532026742975,0.12265862560140782,0.0809867225193045
0.42564736185625185,0.1033863836101471,0.1926714902545834,0.07589852180937987,0.12208019297075175,0.08031604949888482
0.4270256091721619,0.10400328812548666,0.19207826781375434,0.07574054259662386,0.12150249967614193,0.07964979261583262
0.42839922635242206,0.10462234846058047,0.1914835248477739,0.0755813956882657,0.12092556644456708,0.07898793820639334
0.429768159999591,0.10524356358936553,0.19088729597584003,0.07542109416981177,0.12034941382026132,0.07833047244513056
0.43113235713028636,0.10586693248083927,0.19028961572673286,0.07525965115126806,0.11977406216324386,0.0776773813476329
0.4324917651788183,0.10649245409959696,0.18969051853521313,0.07509707976524281,0.1191995316479077,0.07702865077322277
0.4338463320007636,0.10712012740636796,0.1890900387384786,0.07493339316506777,0.11862584226165465,0.076384266427667
0.43519600587640483,0.1077499513585381,0.18848821057265688,0.0747686045229256,0.11805301380358645,0.07574421386588673
0.43654073551408684,0.10838192491066827,0.18788506816934936,0.07460272702799016,0.11748106588323637,0.07510847849466827
0.43788047005347097,0.10901604701500647,0.18728064555221863,0.07443577388457984,0.11691001791935397,0.07447704557537174
0.4392151590686876,0.10965231662198792,0.18667497663362573,0.07426775831032129,0.11633988913873763,0.07384990022664085
0.4405447525713975,0.11029073268073553,0.18606809521131393,0.07409869353432964,0.11577069857511632,0.07322702742710865
0.44186920101374405,0.11093129413954052,0.18546003496514119,0.07392859279539657,0.11520246506807509,0.0726084120181026
0.44318845529121453,0.11157399994634987,0.18485082945385573,0.07375746934019674,0.11463520726203556,0.07199403870634653
0.44450246674539906,0.1122188490492312,0.18424051211193182,0.07358533642150535,0.11406894360527453,0.07138389206665668
0.4458111871666503,0.11286584039683996,0.18362911624644324,0.07341220729643064,0.11350369234899961,0.07077795654463866
0.4471145687966438,0.1135149729388718,0.18301667503398533,0.07323809522465917,0.11293947154646213,0.0701762164593746
0.4484125643308641,0.11416624562651335,0.18240322151766458,0.07306301346672132,0.11237629905212862,0.06957865600610963
0.44970512692094383,0.11481965741287453,0.18178878860411007,0.07288697528226203,0.11181419252088326,0.06898525925892868
0.4509922101769606,0.1154752072534226,0.1811734090605556,0.07270999392833874,0.11125316940729216,0.06839601017343173
0.4522737681696039,0.1161328941064005,0.18055711551197295,0.07253208265772407,0.11069324696490203,0.06781089258939932
0.45354975543224996,0.1167927169332384,0.1799399404382366,0.07235325471723303,0.11013444224559076,0.06722989023345144
0.45482012696296403,0.11745467469895887,0.17932191617136095,0.07217352334605993,0.10957677209895872,0.06665298672170059
0.45608483822636575,0.11811876637256652,0.17870307489277204,0.07199290177413513,0.1090202531717659,0.06608016556239205
0.45734384515545257,0.1187849909274371,0.17808344863064288,0.07181140322049889,0.1084649019074196,0.06551141015854427
0.45859710415327826,0.11945334734168929,0.17746306925727068,0.07162904089168981,0.10791073454549574,0.0649467038105708
0.4598445720945806,0.1201238345985537,0.17684196848650885,0.07144582798015246,0.10735776712130962,0.06438602971889848
0.46108620632726843,0.12079645168672343,0.17622017787124866,0.0712617776626578,0.1068060154655284,0.06382937098657204
0.4623219646738891,0.12147119760071133,0.17559772880095986,0.07107690309875281,0.10625549520383372,0.06327671062185539
0.46355180543292523,0.12214807134117701,0.1749746524992686,0.070891217429211,0.10570622175660893,0.06272803154081057
0.46477568738005065,0.12282707191526301,0.17435098002160093,0.07070473377451604,0.1051582103386907,0.062183316569876856
0.46599356976929,0.12350819833690857,0.17372674225287074,0.07051746523335474,0.10461147595914357,0.06164254844843032
0.46720541233406926,0.12419144962715897,0.17310196990521878,0.07032942488113235,0.10406603342108683,0.061105709831336515
0.46841117528818854,0.12487682481446444,0.1724766935158037,0.07014062576850262,0.10352189732155573,0.06057278329148359
0.46961081932673343,0.12556432293497063,0.1718509434446517,0.06995108091992262,0.10297908205140877,0.060043751322313016
0.4708043056268441,0.1262539430327954,0.1712247498725451,0.06976080333221922,0.10243760179526894,0.05951859634032671
0.47199159584845657,0.12694568416029786,0.1705981427989723,0.06956980597318116,0.10189747053150923,0.05899730068758574
0.47317265213490306,0.12763954537833944,0.16997115204012414,0.06937810178016514,0.10135870203227101,0.05847984663419334
0.4743474371134985,0.12833552575653287,0.16934380722694792,0.06918570365872483,0.10082130986353044,0.057966216380766655
0.47551591389595194,0.12903362437347612,0.1687161378032389,0.06899262448125516,0.10028530738519004,0.05745639206088527
0.476678046078792,0.12973384031698915,0.16808817302380294,0.06879887708566314,0.0997507077512198,0.05695035574353638
0.4778337977436209,0.13043617268432556,0.16745994195264757,0.06860447427404882,0.09921752390982687,0.05644808943553231
0.4789831334573707,0.13114062058238365,0.16683147346124327,0.0684094288114146,0.09868576860366621,0.055949575083922364
0.4801260182724144,0.13184718312790647,0.1662027962268245,0.06821375342438919,0.09815545437008316,0.05545479457838128
0.4812624177266329,0.13255585944766793,0.16557393873074164,0.06801746079997384,0.09762659354139948,0.05496372975358476
0.4823922978433837,0.1332666486786496,0.16494492925687282,0.06782056358430719,0.09709919824522098,0.05447636239156623
0.4835156251314232,0.13397954996821054,0.16431579589006726,0.067623074381451,0.09657328040479217,0.05399267422405808
0.48463236658471065,0.13469456247424252,0.16368656651465877,0.06742500575219486,0.09604885173937892,0.05351264693481372
0.485742489682181,0.13541168536531822,0.16305726881301594,0.06722637021288397,0.09552592376468443,0.05303626216191438
0.4868459623874095,0.13613091782082787,0.16242793026414584,0.0670271802342629,0.09500450779329911,0.0525635015000536
0.48794275314821606,0.13685225903110482,0.16179857814234733,0.06682744824034346,0.0944846149351834,0.05209434650280802
0.48903283089619654,0.1375757081975408,0.16116923951590792,0.06662718660729022,0.09396625609817859,0.051628778684886446
0.4901161650461993,0.13830126453269465,0.16053994124585938,0.0664264076623279,0.09344944198855545,0.05116677952436086
0.49119272549570225,0.1390289272603865,0.15991070998477463,0.0662251236826686,0.09293418311158744,0.050708330464880075
0.4922624826241394,0.13975869561577878,0.15928157217560876,0.06602334689445857,0.09242048977215479,0.05025341291786022
0.493325407292157,0.14049056884545866,0.15865255405059753,0.06582108947174703,0.09190837207538369,0.049802008264659824
0.4943814708407983,0.14122454620749564,0.15802368163019662,0.06561836353547348,0.09139783992730506,0.0493540978587315
0.4954306450906392,0.14196062697150147,0.15739498072207,0.065415181152478,0.09088890303555283,0.048909663027757254
0.4964729023408367,0.14269881041867014,0.15676647692012394,0.06521155433452838,0.09038157091007999,0.048468685075760444
0.4975082153681194,0.1434390958418153,0.1561381956035882,0.06500749503737066,0.08987585286390984,0.048031145285198536
0.49853655742573055,0.1441814825453903,0.1555101619361426,0.06480301515979724,0.0893717580139064,0.04759702491903496
0.4995579022422978,0.1449259698455052,0.15488240086508748,0.06459812654273855,0.0888692952815811,0.04716630522279091
0.5005722240206437,0.14567255706992777,0.1542549371205673,0.06439284096837233,0.08836847339391353,0.04673896742657636
0.5015794974365345,0.14642124355807803,0.15362779521482461,0.06418717015925327,0.08786930088420934,0.04631499274709811
0.502579697637388,0.14717202866101328,0.15300099944151468,0.06398112577746455,0.08737178609297228,0.04589436238964869
0.5035728002408867,0.14792491174139732,0.1523745738750497,0.063774719423787,0.08687593716880684,0.04547705755007188
