0,1,2,3,4,5
0.3752332959245021,0.10953343245767927,0.20921701632148806,0.09618878844108325,0.12935084432935448,0.08047662252589041
0.3758791114642052,0.10869882422800635,0.20916946744098672,0.09551823058355527,0.12963990356836702,0.08109446271487901
0.37651914810002013,0.10786878732397256,0.20911815364954117,0.09485066650712927,0.1299274001239999,0.08171584429533425
0.37715338738511733,0.10704331825681589,0.20906308600760481,0.09418610257663972,0.13021332630165894,0.08234077947216192
0.3777818111989235,0.10622241323619032,0.209004275749684,0.09352454486518325,0.1304976744921097,0.08296928045790794
0.37840440174544787,0.10540606817348575,0.20894173428152185,0.09286599915624039,0.13078043717095686,0.0836013594723453
0.37902114155155275,0.10459427868517124,0.20887547317728428,0.0922104709458324,0.13106160689811852,0.08423702874204061
0.3796320134652105,0.10378704009615215,0.20880550417675212,0.09155796544469776,0.13134117631727588,0.08487630049991009
0.38023700065371907,0.10298434744315212,0.2087318391825254,0.09090848758051324,0.13161913815532889,0.08551918698475945
0.38083608660190116,0.10218619547810494,0.20865449025722588,0.09026204200012926,0.13189548522183342,0.08616570044080903
0.3814292551102576,0.10139257867156362,0.20857346962071133,0.08961863307183919,0.13217021040842342,0.08681585311720312
0.3820164902931285,0.1006034912161301,0.20848878964730871,0.08897826488767747,0.13244330668824364,0.0874696572675097
0.38259777657679156,0.09981892702988764,0.20840046286303948,0.08834094126573767,0.13271476711534766,0.08812712514919505
0.3831730986975608,0.0990388797598518,0.20830850194286812,0.08770666575251677,0.1329845848241102,0.08878826902309121
0.38374244169986027,0.09826334278543339,0.20821291970795663,0.08707544162528635,0.13325275302861717,0.08945310115284621
0.38430579093427003,0.09749230922190723,0.20811372912293155,0.08644727189447886,0.133519265022056,0.09012163380435628
0.3848631320555613,0.09672577192389224,0.20801094329316427,0.08582215930610401,0.13378411417609384,0.09079387924518464
0.38541445102070193,0.0959637234888395,0.20790457546206054,0.08520010634418017,0.13404729394025436,0.09146984974396355
0.38595973408685813,0.0952061562605247,0.20779463900837025,0.08458111523318597,0.13430879784128125,0.09214955756978145
0.3864989678093623,0.0944530623325493,0.20768114744350288,0.0839651879405324,0.13456861948250293,0.09283301499155155
0.3870321390396832,0.09370443355184495,0.20756411440886327,0.08335232617905257,0.13482675254318557,0.09352023427736807
0.38755923492338085,0.0929602615221809,0.2074435536732041,0.08274253140950667,0.13508319077788492,0.09421122769384302
0.3880802428980194,0.09222053760767494,0.20731947912998652,0.08213580484310261,0.13533792801578962,0.0949060075054255
0.3885951506911157,0.09148525293630605,0.20719190479476657,0.0815321474440362,0.13559095816006425,0.09560458597371105
0.38910394631803324,0.09075439840342875,0.20706084480258932,0.08093155993203828,0.13584227518718564,0.09630697535672618
0.3896066180798937,0.09002796467528323,0.2069263134054055,0.08033404278494213,0.13609187314627177,0.09701318790820068
0.3901031545614729,0.08930594219251224,0.20678832496951036,0.07973959624125967,0.1363397461584174,0.09772323587682405
0.39059354462908075,0.08858832117366569,0.2066468939729905,0.07914822030276888,0.13658588841601318,0.09843713150548193
0.3910777774284362,0.08787509161871059,0.20650203500319336,0.07855991473711299,0.13683029418207276,0.0991548870304763
0.3915558423825535,0.0871662433125343,0.2063537627542206,0.07797467908040948,0.13707295778955322,0.09987651468072926
0.39202772918960255,0.08646176582844411,0.20620209202444184,0.07739251263987056,0.13731387364067088,0.10060202667697267
0.3924934278207725,0.08576164853165613,0.2060470377140113,0.07681341449642518,0.13755303620622214,0.10133143523091259
0.3929529285181421,0.08506588058278776,0.205888614822433,0.07623738350735565,0.13779044002489477,0.10206475254438503
0.39340622179253204,0.08437445094133386,0.20572683844612374,0.07566441830893787,0.1380260797025846,0.10280199080848863
0.3938532984213672,0.08368734836913748,0.2055617237760035,0.0750945173190861,0.1382599499117061,0.10354316220270099
0.3942941494465361,0.08300456143385712,0.2053932860951167,0.07452767874000533,0.13849204539050733,0.10428827889397967
0.3947287661722497,0.08232607851241627,0.2052215407762614,0.0739639005608461,0.138722360942382,0.10503735303584273
0.3951571401629121,0.08165188779444957,0.20504650327965235,0.07340318056036585,0.13895089143518455,0.10579039676743326
0.3955792632409772,0.08098197728573085,0.20486818915059846,0.07284551630958727,0.139177631800538,0.10654742221256547
0.395995127484818,0.0803163348116012,0.20468661401721047,0.07229090517446649,0.13940257703315223,0.10730844147875332
0.39640472522660314,0.07965494802036824,0.20450179358812012,0.07173934431855383,0.1396257221901374,0.10807346665621795
0.3968080490501759,0.07899780438670873,0.20431374365024035,0.07119083070566577,0.13984706239032216,0.10884250981688505
0.39720509178894403,0.07834489121504655,0.20412248006653547,0.0706453611025461,0.14006659281357037,0.10961558301335637
0.39759584652375984,0.07769619564292071,0.20392801877381733,0.07010293208153502,0.14028430870010178,0.11039269827786627
0.3979803065808324,0.07705170464433705,0.20373037578056702,0.06956354002323112,0.14050020534981256,0.11117386762121832
0.39835846552963405,0.07641140503310548,0.2035295671647929,0.06902718111915465,0.14071427812160678,0.11195910303170953
0.39873031718080537,0.07577528346615929,0.20332560907188352,0.06849385137440661,0.14092652243271395,0.11274841647402754
0.39909585558411603,0.0751433264468606,0.20311851771252648,0.06796354661032707,0.1411369337580326,0.11354181988813875
0.3994550750263661,0.07451552032828446,0.20290830936060816,0.0674362624671443,0.14134550762945272,0.11433932518814818
0.3998079700293612,0.07389185131648657,0.20269500035117632,0.06691199440662507,0.14155223963520083,0.11514094426114996
0.4001545353478752,0.07327230547375692,0.20247860707840865,0.06639073771471869,0.1417571254191834,0.11594668896605799
0.40049476596761857,0.07265686872184615,0.20225914599360748,0.06587248750419065,0.14196016068032777,0.11675657113240966
0.40082865710323484,0.07204552684517963,0.20203663360322618,0.0653572387172573,0.142161341171936,0.11757060255916328
0.40115620419630915,0.07143826549404751,0.2018110864669218,0.0648449861282094,0.14236066270104134,0.11838879501346991
0.4014774029133797,0.07083507018777611,0.20158252119562403,0.06433572434602615,0.14255812112776717,0.11921116022942899
0.4017922491439764,0.07023592631787755,0.20135095444964118,0.06382944781698943,0.14275371236469134,0.12003770990682042
0.4021007389986941,0.06964081915117994,0.20111640293679098,0.06332615082728134,0.1429474323762234,0.12086845570983185
0.402402868807224,0.06904973383293138,0.20087888341054694,0.06282582750557589,0.1431392771779729,0.1217034092657476
0.40269863511647874,0.06846265538988734,0.20063841266822785,0.06232847182562461,0.14332924283613932,0.12254258216363892
0.4029880346886793,0.06787956873337143,0.20039500754919892,0.061834077608825984,0.14351732546689863,0.1233859859530231
0.40327106449948497,0.06730045866231585,0.20014868493310786,0.06134263852679026,0.14370352123579833,0.12423363214250521
0.40354772173612746,0.06672530986627488,0.1998994617381414,0.06085414810389025,0.14388782635715908,0.1250855321984089
0.40381800379559557,0.06615410692841969,0.1996473549193178,0.06036859971980184,0.14407023709348574,0.12594169754338183
0.40408190828280316,0.06558683432850423,0.1993923814667944,0.05988598661203369,0.1442507497548802,0.12680213955498265
0.4043394330088049,0.06502347644581104,0.1991345584042118,0.05940630187844333,0.14442936069847018,0.1276668695642574
0.40459057598901205,0.06446401756206911,0.19887390278705616,0.058929538479742194,0.14460606632783207,0.12853589885428715
0.404835335441453,0.06390844186434767,0.19861043170105472,0.05845568924198668,0.14478086309243648,0.12940923865872253
0.4050737097850383,0.063356733447926,0.19834416226059137,0.05798474685905577,0.14495374748708786,0.13028690016030142
0.4053056976378537,0.06280887631913715,0.19807511160715913,0.05751670389511789,0.14512471605138552,0.13116889448934604
0.40553129781548336,0.06226485439818378,0.19780329690782522,0.057051552787079525,0.1452937653691808,0.13205523272224168
0.4057505093293548,0.06172465152193249,0.1975287353537373,0.056589285847023225,0.1454608920680511,0.13294592587989962
0.40596333138508656,0.0611882514466769,0.19725144415863857,0.05612989526462697,0.14562609281877553,0.13384098492619975
0.4061697633808879,0.06065563785087621,0.19697144055742757,0.055673373109572606,0.14578936433482684,0.13474042076640985
0.40636980490598296,0.060126794337870236,0.1966887418047346,0.05521971133393868,0.14595070337186677,0.13564424424560517
0.40656345573904046,0.059601704438562664,0.19640336517352275,0.05476890177457209,0.146110106727255,0.13655246614704739
0.4067507158466352,0.05908035161407904,0.19611532795372,0.05432093615545183,0.14626757123955722,0.137465097190559
0.4069315853817428,0.058562719258399655,0.19582464745087078,0.05387580609002975,0.14642309378807808,0.13838214803087778
0.40710606468227145,0.05804879070096108,0.19553134098482838,0.05343350308356006,0.1465766712923921,0.13930362925599166
0.4072741542695739,0.05753854920923407,0.19523542588844486,0.05299401853540721,0.1467283007118847,0.14022955138545656
0.4074358548470484,0.057031977991271916,0.1949369195063248,0.05255734374134148,0.14687797904531316,0.1411599248687002
0.4075911672987255,0.05652906019823021,0.1946358391935657,0.05212346989581389,0.14702570333036413,0.14209476008330063
0.4077400926878824,0.05602977892686089,0.19433220231455353,0.051692388094214475,0.14717147064322872,0.14303406733325702
0.40788263225571614,0.05553411722197711,0.1940260262417711,0.05126408933511551,0.14731527809819128,0.1439778568472343
0.40801878741999204,0.05504205807888744,0.19371732835462036,0.0508385645224896,0.14745712284721343,0.14492613877679553
0.4081485597737977,0.05455358444580975,0.193406126038301,0.050415804467920655,0.14759700207955376,0.14587892319461884
0.40827195108422626,0.054068679226246065,0.19309243668267717,0.049995799892785964,0.14773491302136862,0.14683622009269273
0.40838896329118796,0.05358732528133882,0.19277627768119965,0.04957854143042645,0.14787085293535016,0.14779803938049765
0.40849959850616613,0.05310950543219158,0.19245766642982592,0.04916401962829432,0.14800481912035482,0.14876439088316915
0.4086038590110591,0.05263520246216704,0.19213662032598894,0.04875222495008497,0.14813680891105493,0.14973528433964314
0.4087017472570329,0.05216439911915253,0.1918131567675746,0.04834314777784871,0.1482668196775992,0.1507107294007955
0.40879326586337383,0.05169707811779788,0.19148729315192023,0.04793677841408099,0.14839484882527879,0.15169073562754581
0.4088784176164379,0.05123322214172835,0.1911590468748598,0.04753310708379832,0.14852089379421338,0.15267531248896482
0.4089572054685486,0.050772813845723054,0.19082843532975777,0.047132123936589575,0.14864495205903708,0.15366446936034975
0.40902963253698005,0.050315835857869154,0.19049547590659688,0.04673381904865044,0.14876702112860732,0.15465821552129522
0.4090957021029651,0.04986227078168874,0.190160185991077,0.04633818242479958,0.1488870985457223,0.15565656015374676
0.4091554176106978,0.049412101198232194,0.1898225829637297,0.045945204000471355,0.1490051818868382,0.1566595123400308
0.40920878266639604,0.048965309668147446,0.18948268419906922,0.04555487364369055,0.14912126876181767,0.15766708106087576
0.4092558010373949,0.04852187873372029,0.18914050706475782,0.04516718115702872,0.1492353568136755,0.15867927519342306
0.409296476651241,0.04808179092088367,0.18879606892079134,0.04478211627953734,0.14934744371833758,0.1596961035092062
0.409330813594857,0.047645028741203514,0.18844938711871795,0.04439966868866411,0.14945752718442143,0.16071757467213962
