0,1,2,3,4,5
0.08423580498883267,0.1798061421050681,0.2609136285805997,0.3308375902520206,0.04099431961389622,0.10321251445958247
0.0835618350955405,0.1795282688658999,0.2611670032479599,0.3310205301832997,0.04104881655974613,0.1036735460475518
0.08289252381395398,0.1792494459876633,0.26141809216900647,0.3312007180627319,0.041103014129658284,0.10413620583698824
0.08222784860502903,0.1789696846756597,0.26166689617382577,0.3313781579549161,0.04115691209129113,0.10460050049927928
0.08156778689682234,0.17868899607159183,0.26191341613445496,0.33155285393781714,0.04121051021729486,0.10506643674202072
0.08091231608704917,0.17840739125327143,0.2621576529639152,0.33172481010157184,0.04126380828518277,0.10553402130900655
0.08026141354561041,0.17812488123436124,0.26239960761527176,0.3318940305473261,0.041316806077205906,0.10600326098022551
0.07961505661708461,0.17784147696410738,0.2626392810806681,0.332060519386069,0.04136950338022658,0.10647416257184597
0.0789732226231935,0.17755718932710515,0.2628766743903979,0.33222428073749466,0.04142189998559275,0.10694673293621423
0.0783358888652352,0.1772720291430673,0.2631117886119657,0.3323853187288785,0.04147399568901403,0.1074209789618393
0.07770303262648172,0.17698600716660282,0.2633446248491528,0.33254363749394167,0.041525790290435696,0.107896907573385
0.0770746311745515,0.1766991340870216,0.26357518424108917,0.33269924117176625,0.04157728359391655,0.1083745257316566
0.07645066176374406,0.17641142052813333,0.2638034679613404,0.332852133905689,0.041628475407504334,0.10885384043358737
0.07583110163735146,0.17612287704807983,0.26402947721698844,0.3330023198422371,0.04167936554311361,0.10933485871222913
0.07521592802993032,0.17583351413915815,0.2642532132477229,0.33314980313005166,0.04172995381640357,0.1098175876367333
0.07460511816954726,0.17554334222767282,0.2644746773249394,0.3332945879188452,0.04178024004665592,0.11030203431233952
0.07399864927999213,0.17525237167379104,0.26469387075084755,0.3334366783583593,0.04183022405665439,0.1107882058803561
0.07339649858296234,0.17496061277141245,0.264910794857569,0.33357607859734517,0.041879905672564416,0.11127610951814815
0.07279864330021071,0.17466807574805124,0.26512545100626395,0.3337127927825455,0.04192928472381265,0.11176575243911441
0.0722050606556712,0.17437477076472785,0.26533784058624804,0.33384682505771085,0.04197836104296906,0.11225714189267477
0.07161572787754354,0.1740807079158698,0.26554796501412115,0.33397817956259696,0.04202713446562663,0.11275028516424553
0.07103062220035616,0.17378589722923257,0.26575582573289597,0.33410686043200843,0.04207560483028485,0.11324518957522348
0.07044972086699414,0.1734903486658212,0.2659614242111494,0.33423287179484384,0.042123771978232284,0.11374186248296363
0.0698730011306962,0.17319407211982774,0.2661647619421575,0.33435621777313407,0.04217163575342926,0.11424031128075691
0.06930044025702466,0.17289707741857918,0.26636584044305844,0.33447690248113815,0.042219196002392385,0.11474054339780772
0.06873201552580174,0.17259937432249461,0.2665646612540027,0.3345949300244066,0.042266452574079454,0.11524256629921327
0.06816770423301849,0.17230097252505425,0.26676122593732876,0.3347103044988886,0.04231340531977451,0.11574638748593608
0.0676074836927114,0.17200188165277522,0.26695553607672723,0.33482302999003544,0.04236005409297416,0.11625201449477955
0.06705133123881052,0.17170211126520118,0.2671475932764213,0.33493311057193076,0.04240639874927355,0.11675945489836306
0.06649922422696028,0.17140167085490116,0.26733739916036037,0.335040550306428,0.04245243914625513,0.11726871630509617
0.06595114003630415,0.17110056984747632,0.2675249553714005,0.3351453532422955,0.042498175143375644,0.11777980635914782
0.06540705607124808,0.17079881760157573,0.2677102635705135,0.33524752341438396,0.042543606601855626,0.11829273274042214
0.06486694976318787,0.1704964234089244,0.2678933254359858,0.3353470648428067,0.042588733384568644,0.11880750316452453
0.06433079857221319,0.17019339649435677,0.26807414266263646,0.3354439815321283,0.04263355535593188,0.11932412538273567
0.0637985799887765,0.16988974601586268,0.2682527169610271,0.3355382774705603,0.042678072381796064,0.11984260718197497
0.06327027153534076,0.1695854810646425,0.2684290500567041,0.33562995662919676,0.04272228432933916,0.12036295638477809
0.06274585076799129,0.1692806106651645,0.2686031436894105,0.33571902296122647,0.042766191066956505,0.12088518084925137
0.062225295278024444,0.1689751437752365,0.2687749996123447,0.3358054804011889,0.042809792464155845,0.12140928846904894
0.06170858269350572,0.16866908928609026,0.26894461959139476,0.3358893328642274,0.04285308839145026,0.12193528717333135
0.06119569068080108,0.16836245602246097,0.26911200540439484,0.33597058424535836,0.042896078720252695,0.12246318492673225
0.06068659694607849,0.16805525274268607,0.2692771588403886,0.33604923841875495,0.042938763322771925,0.12299298972932028
0.060181279236784076,0.16774748813880688,0.26944008169889333,0.3361252992370425,0.04298114207190816,0.12352470961656353
0.0596797153430912,0.1674391708366836,0.26960077578917313,0.33619877053061337,0.043023214841149994,0.12405835265929054
0.059181883099318114,0.16713030939610446,0.2697592429295193,0.3362696561069391,0.04306498150447209,0.12459392696364537
0.05868776038532539,0.16682091231092366,0.2699154849465462,0.33633795974991654,0.04310644193623438,0.12513144067105705
0.058197325127879264,0.16651098800918246,0.2700695036744684,0.33640368521920627,0.04314759601107902,0.12567090195818456
0.05771055530199504,0.16620054485325755,0.27022130095442315,0.336466836249604,0.043188443603832845,0.12621231903688657
0.05722742893224913,0.16588959114000687,0.270370878633766,0.33652741655040086,0.04322898458940564,0.12675570015417037
0.05674792409406649,0.16557813510091868,0.2705182385653895,0.33658542980478623,0.043269218842694156,0.1273010535921461
0.05627201891498418,0.16526618490227993,0.2706633826070413,0.33664087966922734,0.0433091462384808,0.12784838766798554
0.05579969157588571,0.16495374864533663,0.27080631262066646,0.33669376977289756,0.04334876665133982,0.1283977107338695
0.05533092031221338,0.1646408343664747,0.27094703047172936,0.3367441037170983,0.04338807995554047,0.12894903117694467
0.05486568341515042,0.1643274500373902,0.2710855380285603,0.3367918850746798,0.04342708602494847,0.12950235741926622
0.05440395923278531,0.16401360356528907,0.27122183716171605,0.3368371173895159,0.04346578473293631,0.13005769791775665
0.05394572617124262,0.16369930279306602,0.27135592974332473,0.3368798041759402,0.04350417595228379,0.1306150611641446
0.053490962695796895,0.16338455549950928,0.27148781764644986,0.33691994891823696,0.04354225955508906,0.1311744556849159
0.053039647331958345,0.16306936939950686,0.2716175027444771,0.33695755507012304,0.043580035412674654,0.1317358900412603
0.0525917586665331,0.16275375214424884,0.27174498691047166,0.33699262605424074,0.04361750339549483,0.13229937282901
0.052147275348663404,0.1624377113214499,0.2718702720165761,0.33702516526167675,0.04365466337304657,0.13286491267858824
0.05170617609084038,0.16212125445556144,0.2719933599334012,0.33705517605147345,0.04369151521377786,0.13343251825494434
0.05126843966989657,0.16180438900800764,0.2721142525294174,0.33708266175018087,0.0437280587849996,0.13400219825750143
0.05083404492797091,0.16148712237740462,0.27223295167036915,0.3371076256513761,0.04376429395279597,0.13457396142008413
0.050402970773457234,0.16116946189980455,0.2723494592186807,0.337130071015253,0.04380022058193756,0.1351478165108679
0.04997519618192194,0.16085141484893167,0.27246377703288105,0.3371500010681687,0.043835838535793786,0.13572377233230312
0.0495507001970062,0.16053298843642877,0.2725759069670256,0.3371674190022332,0.04387114767624709,0.13630183772105628
0.049129461931301945,0.16021418981210997,0.2726858508701338,0.33718232797491,0.043906147863607255,0.13688202154794019
0.048711460567205225,0.15989502606420444,0.27279361058561996,0.337194731108601,0.04394083895652661,0.1374643327178412
0.04829667535775238,0.15957550421963035,0.2728991879507551,0.3372046314902891,0.043975220811916405,0.13804878016965427
0.04788508562742894,0.1592556312442457,0.2730025847961078,0.33721203217114676,0.04400929328486462,0.13863537287620703
0.04747667077295985,0.1589354140431179,0.2731038029450053,0.33721693616618176,0.044043056228551376,0.13922411984418445
0.04707141026407983,0.15861485946079876,0.27320284421300994,0.3372193464538886,0.04407650949416962,0.13981503011405536
0.04666928364427935,0.15829397428159325,0.27329971040738205,0.33721926597590873,0.044109652930843506,0.14040811275999163
0.046270270531534416,0.15797276522984496,0.2733944033265692,0.33721669763670903,0.04414248638554845,0.14100337688979203
0.04587435061901098,0.15765123897021138,0.27348692475969216,0.33721164430325534,0.04417500970303223,0.14160083164479814
0.0454815036757536,0.1573294021079542,0.27357727648602936,0.33720410880471563,0.04420722272573611,0.14220048619980893
0.04509170954735127,0.15700726118922576,0.2736654602745327,0.3371940939321679,0.04423912529371764,0.14280234976300218
0.04470494815658477,0.1566848227013661,0.27375147788332543,0.337181602438311,0.0442707172445744,0.14340643157583674
0.04432119950405393,0.1563620930731937,0.27383533105921726,0.33716663703719485,0.044301998413366545,0.1440127409129749
0.04394044366878688,0.1560390786753046,0.2739170215372285,0.3371492004039587,0.04433296863254231,0.1446212870821786
0.04356266080882893,0.15571578582038012,0.27399655104011283,0.3371292951745861,0.044363627731864405,0.1452320794242254
0.04318783116181334,0.15539222076348727,0.274073921277898,0.33710692394565517,0.04439397553833528,0.1458451273128087
0.04281593504551316,0.15506838970238587,0.2741491339474214,0.3370820892741175,0.04442401187612396,0.1464604401544357
0.04244695285837571,0.1547442987778407,0.2742221907318764,0.3370547936770737,0.044453736566495386,0.14707802738833473
0.04208086508003744,0.15441995407393613,0.27429309330037516,0.33702503963156905,0.044483149427737574,0.14769789848634493
0.04171765227182302,0.15409536161838755,0.2743618433074954,0.33699282957438664,0.04451225027509176,0.1483200629528147
0.041357295077225145,0.1537705273828652,0.2744284423928559,0.3369581659018751,0.04454103892068323,0.1489445303244958
0.040999774222367405,0.15344545728330988,0.27449289218069073,0.336921050969755,0.04456951517345131,0.1495713101704255
0.04064507051645061,0.15312015718025968,0.27455519427942754,0.33688148709295945,0.04459767883908169,0.15020041209182428
0.04029316485218173,0.15279463287916945,0.27461535028127015,0.3368394765454708,0.04462552971993885,0.1508318457219693
0.03994403820618612,0.1524688901307457,0.27467336176179696,0.33679502156018526,0.04465306761500041,0.15146562072608663
0.039597671639404156,0.15214293463126993,0.27472923027955953,0.33674812432875884,0.04468029231978926,0.15210174680121993
0.03925404629746943,0.15181677202293029,0.2747829573756846,0.33669878700148903,0.04470720362631107,0.15274023367611508
0.038913143411074894,0.15149040789415943,0.2748345445734903,0.33664701168719785,0.044733801322988535,0.15338109111108966
0.03857494429631878,0.1511638477799603,0.27488399337810404,0.3365928004531164,0.04476008519459778,0.15402432889790382
0.03823943035503773,0.150837097162252,0.2749313052760839,0.3365361553247952,0.04478605502220656,0.15466995685962662
0.037906583075124636,0.1505101614702027,0.2749764817350562,0.33647707828600554,0.044811710583112216,0.1553179848505014
0.03757638403083006,0.15018304608056862,0.2750195242033459,0.336415571278668,0.04483705165077966,0.15596842275580647
0.037248814883050575,0.14985575631803955,0.2750604341096335,0.33635163620277825,0.04486207799478321,0.15662128049171536
0.036923857379599266,0.14952829745557525,0.27509921286258465,0.3362852749163472,0.0448867893807446,0.15727656800514583
0.036601493355467085,0.14920067471475693,0.2751358618505313,0.33621648923535,0.04491118557027627,0.15793429527361855
