0,1,2,3,4,5
0.06747330155688522,0.20160459381091417,0.3162668866312333,0.26488626412033023,0.039083911235014424,0.11068504264561946
0.06780866840420886,0.20095735523694952,0.3147193274117794,0.26673305518465873,0.03916477694365831,0.11061681681874377
0.06814419657523402,0.20030720882300299,0.3131717120409362,0.26858592164152634,0.03924489068088313,0.11054607023841648
0.06847986851391603,0.19965418618263656,0.3116241003874972,0.2704447976043189,0.03932424510041234,0.11047280221121872
0.06881566658505708,0.19899831934241344,0.3100765525611771,0.27230961625247935,0.039402832920993856,0.11039701233787781
0.06915157307741797,0.19833964073742077,0.30852912890239415,0.27418030984001923,0.039480646928138026,0.11031870051461164
0.06948757020686772,0.19767818320665417,0.3069818899719042,0.27605680970434604,0.039557679975840566,0.11023786693438868
0.06982364011957143,0.19701397998826078,0.30543489654033024,0.27793904627542343,0.039633924988298076,0.11015451208811303
0.07015976489521744,0.1963470647146475,0.30388820957757107,0.2798269490852286,0.03970937496160895,0.11006863676572559
0.07049592655027352,0.19567747140743533,0.30234189024209124,0.28172044677751934,0.0397840229654619,0.10998024205721832
0.07083210704128591,0.1950052344722991,0.300795999870101,0.28361946711792846,0.03985786214481228,0.10988932935357089
0.07116828826820477,0.19433038869365377,0.2992505999646472,0.28552393700434975,0.03993088572154138,0.10979590034760171
0.071504452077745,0.19365296922921368,0.29770575218457473,0.2874337824776339,0.040003086996103256,0.1096999570347292
0.07184058026677828,0.1929730116044212,0.2961615183334144,0.28934892873258505,0.04007445934915258,0.10960150171365031
0.07217665458575212,0.1922905517067355,0.2946179603481631,0.29126930012925756,0.04014499624315912,0.10950053698693343
0.07251265674214045,0.1916056257798072,0.2930751402879799,0.2931948202045467,0.04021469122400248,0.10939706576152373
0.07284856840391929,0.1909182704175089,0.2915331203227946,0.29512541168407563,0.040283537922548324,0.1092910912491556
0.07318437120306771,0.19022852255784922,0.2899919627218338,0.2970609964943609,0.040351530056207605,0.10918261696668048
0.07352004673909603,0.1895364194767649,0.28845172984207984,0.2990014957752769,0.04041866143047424,0.10907164673630766
0.0738555765825922,0.18884199878178282,0.2869124841166417,0.3009468298927911,0.04048492594044315,0.10895818468574889
0.07419094227879648,0.18814529840557176,0.28537428804306625,0.3028969184519825,0.040550317572307946,0.10884223524827798
0.07452612535118926,0.18744635659936848,0.2838372041715905,0.30485168031032084,0.04061483040483289,0.10872380316269718
0.07486110730510395,0.18674521192629695,0.2823012950933334,0.3068110335912446,0.04067845861080941,0.1086028934732156
0.0751958696313515,0.18604190325456324,0.28076662342841785,0.30877489569795613,0.04074119645848086,0.1084795115292296
0.07553039380986742,0.18533646975055804,0.2792332518140779,0.3107431833275231,0.04080303831295086,0.10835366298502241
0.07586466131336722,0.18462895087182837,0.27770124289268033,0.31271581248520275,0.04086397863756119,0.10822535379936064
0.07619865361101823,0.18391938635996252,0.27617065929973716,0.3146926984990243,0.04092401199524817,0.1080945902350061
0.07653235217212337,0.1832078162333658,0.27464156365187364,0.31667375603463094,0.04098313304987099,0.10796137885813387
0.07686573846981141,0.18249428077993016,0.27311401853476147,0.3186588991103247,0.04104133656751532,0.10782572653765818
0.07719879398473989,0.1817788205496152,0.2715880864910312,0.32064804111238354,0.041098617417766284,0.10768764044446301
0.07753150020880309,0.1810614763469352,0.27006383000817036,0.32264109481058295,0.04115497057495786,0.10754712805054746
0.07786383864884662,0.18034228922334422,0.2685413115063974,0.32463797237394865,0.04121039111939119,0.10740419712807542
0.0781957908303819,0.17962130046953736,0.26702059332652534,0.3266385853867068,0.0412648742385234,0.10725885574832797
0.07852733830130987,0.17889855160767526,0.26550173771783114,0.3286428448644778,0.041318415228129,0.10711111228057557
0.07885846263564121,0.17817408438351257,0.2639848068259216,0.3306506612706431,0.04137100949342922,0.10696097539085221
0.07918914543721331,0.1774479407584508,0.26246986268058875,0.33266194453291986,0.04142265255019201,0.10680845404063516
0.07951936834341207,0.1767201629015213,0.2609569671837,0.3346766040601281,0.04147334002579828,0.10665355748544124
0.07984911302888267,0.17599079318128233,0.25944618209708503,0.33669454875913496,0.0415230676602802,0.10649629527333017
0.08017836120924224,0.17525987415766045,0.257937569030458,0.33871568705199284,0.04157183130732402,0.10633667724331669
0.0805070946447778,0.17452744857371272,0.25643118942935017,0.34073992689321997,0.04161962693524225,0.10617471352369409
0.08083529514413897,0.1737935593473317,0.25492710456308254,0.3427671757872691,0.04166645062790943,0.10601041453026866
0.08116294456802595,0.17305824956289148,0.25342537551277067,0.34479734080613694,0.04171229858566911,0.10584379096450801
0.081490024832854,0.17232156246282937,0.25192606315937577,0.3468303286071397,0.04175716712620268,0.10567485381159998
0.08181651791441727,0.17158354143918686,0.25042922817179764,0.3488660454508059,0.041801052685365235,0.10550361433842395
0.08214240585153043,0.17084423002508842,0.24893493099501832,0.3509043972189352,0.04184395181798826,0.10533008409144207
0.08246767074965279,0.17010367188617836,0.24744323183829103,0.3529452894327426,0.04188586119864134,0.10515427489449262
0.08279229478450255,0.16936191081202243,0.24595419066342214,0.35498862727116925,0.04192677762236732,0.10497619884651611
0.08311626020564285,0.1686189907074574,0.24446786717307964,0.35703431558926824,0.04196669800537216,0.10479586831918286
0.08343954934005175,0.16787495558391125,0.24298432079919355,0.35908225893671436,0.04200561938568569,0.10461329595444593
0.0837621445956694,0.16712984955069793,0.24150361069143952,0.36113236157640083,0.04204353892378121,0.10442849466201101
0.08408402846492107,0.1663837168062722,0.24002579570578134,0.36318452750313795,0.042080453903161986,0.10424147761672757
0.08440518352821226,0.16563660162946642,0.2385509343931117,0.3652386604624074,0.04211636173090696,0.10405225825589508
0.08472559245740227,0.16488854837070557,0.23707908498798702,0.36729466396922483,0.04215125993818254,0.1038608502764986
0.08504523801924425,0.16413960144320633,0.2356103053974401,0.36935244132703626,0.04218514618071472,0.10366726763236082
0.08536410307879665,0.1633898053141557,0.23414465318991418,0.3714118956466861,0.04221801823922428,0.1034715245312216
0.08568217060280967,0.16263920449589353,0.2326821855842852,0.3734729298654408,0.04224987401982488,0.10327363543174532
0.08599942366306725,0.1618878435370723,0.23122295943899562,0.3755354467660361,0.04228071155438188,0.1030736150404474
0.08631584543970774,0.16113576701382507,0.22976703124130501,0.37759934899577297,0.042310529000833444,0.10287147830855627
0.08663141922450034,0.16038301952093406,0.22831445709665446,0.3796645390856331,0.042339324643474924,0.10266724042880333
0.08694612842408846,0.15962964566299925,0.22686529271815756,0.38173091946941595,0.04236709689320173,0.1024609168321399
0.0872599565631962,0.15887569004561852,0.22541959341620826,0.3837983925028702,0.04239384428771793,0.1022525231843906
0.08757288728779292,0.15812119726658286,0.22397741408822736,0.38586686048285257,0.04241956549170298,0.102042075382841
0.08788490436822001,0.15736621190708047,0.2225388092085432,0.3879362256664568,0.04244425929694244,0.10182958955275656
0.0881959917022734,0.156610778522927,0.22110383281840387,0.39000639029013606,0.042467924622419335,0.10161508204384208
0.08850613331824322,0.15585494163581212,0.2196725385161353,0.39207725658880116,0.04249056051436576,0.10139856942663847
0.08881531337791489,0.15509874572458746,0.21824497944744922,0.39414872681490815,0.042512166146280346,0.10118006848886028
0.0891235161795141,0.1543422352165581,0.2168212082958921,0.3962207032574608,0.0425327408189022,0.10095959623167433
0.0894307261606162,0.1535854544788409,0.21540127727345576,0.3982930882610166,0.042552283960151094,0.1007371698659213
0.0897369279010035,0.15282844780973173,0.2139852381113435,0.4003657842446088,0.042570795125027074,0.10051280680828521
0.0900421061254705,0.1520712594301335,0.21257314205089287,0.4024386937206259,0.042588273995472804,0.10028652467740728
0.09034624570658582,0.151313933475014,0.21116503983466195,0.40451171931359087,0.042604720380198996,0.10005834128994744
0.09064933166740055,0.15055651398492453,0.20976098169769258,0.406584763778907,0.042620134214471764,0.09982827465660307
0.09095134918410236,0.14979904489755816,0.2083610173589282,0.4086577300214804,0.042634515559860996,0.0995963429780689
0.09125228358862332,0.1490415700393738,0.2069651960128203,0.41073052111426667,0.042647864603955365,0.09936256464096266
0.0915521203711855,0.14828413311726218,0.2055735663211009,0.4128030403167169,0.0426601816600357,0.09912695821369864
0.09185084518280247,0.14752677771029585,0.20418617640474007,0.4148751910931248,0.042671467166716014,0.09888954244232234
0.09214844383771503,0.14676954726152125,0.20280307383607857,0.4169468771308363,0.04268172168754548,0.09865033624630479
0.09244490231577804,0.1460124850698288,0.2014243056311534,0.41901800235836584,0.0426909459105747,0.09840935871429783
0.09274020676478938,0.14525563428189991,0.20004991824220744,0.42108847096335894,0.04269914064788788,0.09816662909985552
0.09303434350275873,0.14449903788420915,0.19867995755038467,0.4231581874104387,0.04270630683509675,0.0979221668171128
0.09332729902011726,0.1437427386951238,0.19731446885861884,0.42522705645889847,0.04271244553080245,0.09767599143644337
0.09361905998187163,0.14298677935706622,0.19595349688472027,0.4272949831802459,0.042717557916018556,0.0974281226800774
0.09390961322970133,0.14223120232877295,0.19459708575465715,0.42936187297560346,0.04272164529356621,0.09717858041769713
0.09419894578398372,0.14147604987762843,0.19324527899602537,0.43142763159293224,0.042724709087428536,0.09692738466200033
0.09448704484577079,0.14072136407209163,0.1918981195317368,0.4334921651440888,0.04272675084207478,0.09667455556424004
0.0947738977986972,0.13996718677421313,0.1905556496738841,0.43555538012170913,0.04272777222175184,0.09642011340974585
0.09505949221083099,0.1392135596322451,0.18921791111783753,0.4376171834159239,0.04272777500974237,0.09616407861342038
0.09534381583645761,0.13846052407334833,0.18788494493651833,0.4396774823308696,0.04272676110758929,0.09590647171521444
0.09562685661780447,0.13770812129639867,0.18655679157489927,0.4417361846010118,0.04272473253429215,0.09564731337559339
0.09590860268670015,0.13695639226489156,0.18523349084469584,0.44379319840726567,0.042721691425467875,0.09538662437097885
0.09618904236617169,0.13620537769994998,0.18391508191928027,0.4458484323929306,0.042717640032485175,0.09512442558918513
0.0964681641719757,0.1354551180734441,0.18260160332879025,0.44790179567938715,0.04271258072156466,0.09486073802483891
0.09674595681407062,0.13470565360121303,0.18129309295546123,0.4499531978816046,0.042706515972852875,0.09459558277479586
0.09702240919801772,0.1339570242363989,0.1799895880291571,0.4520025491234188,0.04269944837946523,0.09432898103354205
0.09729751042632175,0.13320926966289112,0.17869112512312246,0.4540497600525643,0.04269138064650123,0.0940609540885986
0.09757124979970641,0.1324624292888872,0.17739774014993642,0.4560947418555246,0.042682315590030176,0.09379152331591663
0.09784361681832403,0.13171654224057242,0.1761094683576882,0.45813740627209065,0.042672256136053195,0.09352071017527348
0.09811460118290104,0.1309716473559075,0.17482634432635638,0.4601776656097314,0.04266120531943306,0.09324853620566946
0.09838419279581809,0.13022778317855124,0.1735484019644135,0.46221543275768695,0.042649166282804414,0.09297502302072773
0.09865238176212665,0.12948498795188854,0.17227567450562167,0.46425062120082006,0.04263614227545168,0.09270019230409386
