0,1,2,3,4,5
0.14338977791775281,0.1953732216685821,0.17459645512033037,0.15965513930469738,0.15345810840281476,0.17352729758582272
0.14404811180769192,0.19448557618681336,0.1743823956938294,0.159881167331707,0.1538556569615928,0.17334709201836543
0.1447083028631438,0.19360023710778954,0.17416702948197674,0.1601061125504809,0.15425287002821375,0.17316544796839597
0.14537034906156368,0.19271720977925166,0.1739503618286212,0.16032996951972386,0.1546497395026136,0.17298237030822441
0.14603424833896073,0.191836499474476,0.17373239811833366,0.1605527328297756,0.15504625728134822,0.17279786395710553
0.14669999858995506,0.1909581113921831,0.17351314377609137,0.16077439710289138,0.1554424152579507,0.1726119338809269
0.1473675976678417,0.19008205065646244,0.17329260426696078,0.16099495699353142,0.1558382053232902,0.17242458509191247
0.1480370433846599,0.18920832231669094,0.17307078509577034,0.16121440718863933,0.15623361936593097,0.17223582264830986
0.14870833351125423,0.18833693134746293,0.17284769180678866,0.1614327424079235,0.15662864927249262,0.17204565165407654
0.1493814657773537,0.18746788264852715,0.17262332998339766,0.16164995740413565,0.15702328692801187,0.17185407725857163
0.1500564378716356,0.18660118104472423,0.17239770524776524,0.1618660469633426,0.15741752421629893,0.17166110465623177
0.1507332474418069,0.1857368312859284,0.17217082326050626,0.1620810059052028,0.15781135302029986,0.17146673908625426
0.15141189209467798,0.1848748380470033,0.17194268972035598,0.16229482908323575,0.15820476522245702,0.17127098583227046
0.1520923693962442,0.184015205927749,0.17171331036383186,0.16250751138508834,0.15859775270506796,0.17107385022201946
0.1527746768717652,0.18315793945287023,0.1714826909648919,0.16271904773280552,0.1589903073506462,0.1708753376270211
0.15345881200585437,0.18230304307193346,0.17125083733459773,0.16292943308308905,0.15938242104228334,0.17067545346224203
0.15414477224255924,0.1814505211593433,0.171017755320771,0.16313866242756203,0.15977408566400655,0.1704742031857585
0.15483255498545329,0.1806003780143126,0.1707834508076468,0.16334673079302583,0.16016529310114236,0.17027159229842195
0.15552215759772553,0.1797526178608454,0.17054792971552715,0.1635536332417142,0.16055603524067144,0.1700676263435148
0.15621357740227643,0.1789072448477247,0.17031119800043568,0.16375936487155487,0.16094630397159643,0.1698623109064104
0.15690681168180978,0.1780642630484968,0.17007326165375983,0.16396392081641267,0.16133609118529457,0.16965565161422533
0.15760185767893228,0.17722367646147122,0.16983412670190423,0.16416729624634077,0.1617253887758804,0.1694476541354687
0.15829871259625133,0.17638548900972165,0.16959379920593182,0.16436948636782936,0.1621141886405677,0.16923832417969495
0.15899737359648144,0.1755497045410887,0.16935228526121016,0.16457048642404667,0.16250248268002623,0.16902766749714532
0.15969783780254151,0.17471632682819188,0.1691095909970486,0.16477029169508217,0.16289026279873792,0.1688156898783965
0.16040010229766724,0.1738853595684439,0.1688657225763432,0.16496889749818147,0.16327752090536335,0.16860239715399947
0.16110416412551612,0.1730568063840764,0.16862068619521037,0.16516629918798412,0.16366424891309264,0.1683877951941147
0.16181002029027972,0.17223067082215882,0.16837448808262506,0.1653624921567626,0.16405043874001016,0.1681718899081593
0.16251766775679424,0.17140695635463418,0.16812713450005404,0.16555747183464303,0.16443608230944487,0.16795468724442758
0.1632271034506554,0.17058566637834946,0.16787863174109022,0.16575123368983938,0.1648211715503344,0.16773619318973057
0.16393832425833776,0.16976680421510149,0.16762898613108174,0.16594377322887374,0.16520569839757743,0.16751641376902662
0.1646513270273111,0.16895037311167915,0.16737820402676362,0.16613508599680696,0.16558965479239438,0.16729535504504459
0.1653661085661609,0.16813637623991481,0.16712629181588415,0.1663251675774494,0.16597303268267885,0.16707302311791203
0.16608266564471255,0.16732481669673863,0.166873255916832,0.1665140135935849,0.16635582402335433,0.16684942412477569
0.16680099499415754,0.16651569750424006,0.16661910277826358,0.1667016197071789,0.16673802077673291,0.1666245642394261
0.1675210933071753,0.16570902160973222,0.16636383887872247,0.16688798161959637,0.167119614912865,0.1663984496719116
0.16824295723806573,0.16490479188581697,0.1661074707262638,0.16707309507180274,0.16750059840989087,0.16617108666815908
0.16896658340288223,0.1641030111304704,0.16585000485807735,0.1672569558445787,0.16788096325440227,0.16594248150959012
0.1696919683795582,0.16330368206711113,0.16559144784010435,0.1674395597587126,0.16826070144178726,0.16571264051272666
0.17041910870804652,0.16250680734468967,0.1653318062666559,0.16762090267521126,0.16863980497658462,0.16548157002881214
0.1711480008904525,0.16171238953777622,0.16507108676003254,0.16780098049549108,0.16901826587283228,0.16524927644341272
0.17187864139117898,0.16092043114665724,0.16480929597013882,0.16797978916157108,0.1693960761544239,0.1650157661760311
0.1726110266370549,0.160130934597425,0.16454644057409637,0.1681573246562683,0.16977322785544924,0.1647810456797052
0.17334515301749143,0.15934390224209258,0.1642825272758639,0.1683335830033867,0.1701497130205508,0.16454512144061972
0.17408101688461086,0.15855933635868918,0.16401756280583782,0.16850856026789465,0.17052552370526392,0.164307999977701
0.17481861455340755,0.15777723915138578,0.163751553920482,0.16868225255612326,0.1709006519763751,0.164069687842229
0.1755579423018844,0.15699761275059687,0.1634845074019196,0.16885465601592625,0.1712750899122518,0.16383019161742238
0.17629899637120533,0.15622045921311575,0.163216430057556,0.16902576683687376,0.17164882960320232,0.163589517918046
0.17704177296584991,0.15544578052223032,0.16294732871968146,0.16919558125041906,0.172021863151812,0.16334767339000775
0.1777862682537592,0.15467357858786016,0.16267721024508197,0.16936409553006543,0.17239418267328896,0.16310466470994392
0.17853247836649833,0.15390385524668757,0.16240608151464525,0.16953130599154217,0.17276578029580528,0.162860498584824
0.1792803993994039,0.1531366122622965,0.16213394943296525,0.169697208992963,0.17313664816083693,0.16261518175153541
0.18003002741174887,0.1523718513253229,0.16186082092795281,0.16986180093498968,0.1735067784235061,0.16236872097647528
0.18078135842690202,0.15160957405359593,0.1615867029504381,0.1700250782609952,0.17387616325292327,0.16212112305514517
0.18153438843248235,0.15084978199229204,0.16131160247376966,0.17018703745721,0.17424479483251457,0.1618723948117298
0.18228911338052775,0.15009247661409583,0.16103552649342875,0.17034767505288487,0.1746126653603705,0.16162254309869303
0.18304552918765893,0.14933765931935505,0.1607584820266225,0.17050698762043048,0.1749797670495733,0.16137157479635894
0.18380363173524183,0.14858533143625507,0.1604804761118927,0.17066497177557396,0.17534609212853572,0.16111949681249926
0.18456341686956204,0.14783549422097916,0.1602015158087174,0.1708216241774945,0.17571163284133146,0.16086631608191404
0.18532488040198428,0.1470881488578915,0.15992160819710563,0.1709769415289698,0.17607638144803348,0.16061203956601913
0.18608801810912978,0.14634329645970695,0.1596407603772086,0.1711309205765039,0.1764403302250314,0.16035667425242045
0.18685282573304632,0.14560093806768196,0.15935897946891325,0.17128355811047466,0.1768034714653774,0.1601002271545054
0.18761929898138413,0.1448610746517966,0.15907627261144733,0.17143485096525474,0.1771657974791029,0.1598427053110134
0.18838743352756593,0.14412370711094535,0.15879264696297452,0.17158479601934165,0.17752730059355185,0.15958411578562132
0.18915722501096485,0.14338883627313403,0.15850810970019802,0.17173339019548586,0.17788797315369917,0.15932446566651726
0.18992866903708724,0.14265646289567754,0.15822266801795948,0.17188063046080723,0.17824780752248504,0.15906376206598302
0.19070176117774532,0.14192658766540314,0.15793632912883884,0.17202651382692088,0.1786067960811266,0.15880201211996753
0.19147649697123756,0.14119921119885795,0.1576491002627497,0.17217103735004352,0.17896493122944826,0.15853922298766343
0.19225287192253898,0.14047433404251833,0.15736098866654394,0.1723141981311132,0.1793222053861987,0.1582754018510856
0.19303088150347456,0.1397519566730079,0.15707200160360896,0.17245599331589745,0.17967861098936738,0.15801055591464488
0.1938105211529084,0.1390320794973116,0.15678214635346313,0.17259642009509515,0.18003414049650251,0.15774469240472058
0.19459178627692705,0.13831470285300282,0.15649143021135928,0.17273547570444253,0.18038878638503045,0.15747781856923793
0.1953746722490317,0.13759982700846674,0.15619986048788234,0.1728731574248146,0.1807425411525622,0.15720994167724017
0.1961591744103218,0.1368874521631332,0.15590744450854782,0.17300946258231809,0.1810953973172176,0.15694106901846372
0.19694528806968187,0.13617757844770695,0.15561418961340043,0.17314438854838626,0.18144734741791937,0.15667120790290665
0.1977330085039785,0.13547020592440803,0.15532010315661607,0.1732779327398703,0.18179838401471804,0.15640036566040738
0.1985223309582509,0.1347653345872147,0.1550251925060984,0.17341009261912713,0.18214849968909602,0.1561285496402144
0.19931325064589792,0.13406296436210263,0.15472946504307966,0.17354086569409785,0.18249768704426558,0.15585576721055663
0.20010576274887895,0.13336309510729805,0.15443292816171944,0.17367024951839735,0.18284593870548352,0.1555820257582195
0.2008998624179088,0.13266572661353046,0.154135589268712,0.17379824169138755,0.1831932473203494,0.1553073326881138
0.20169554477264456,0.13197085860428248,0.1538374557828729,0.1739248398582468,0.1835396055591054,0.15503169542284767
0.20249280490189653,0.13127849073605646,0.15353853513475305,0.1740500417100506,0.1838850061149418,0.1547551214023011
0.20329163786381524,0.1305886225986312,0.15323883476623698,0.17417384498383695,0.18422944170428573,0.15447761808319574
0.2040920386860968,0.12990125371532998,0.15293836213013692,0.17429624746266473,0.18457290506710353,0.15419919293866532
0.20489400236618266,0.12921638354329043,0.15263712468980808,0.17441724697568786,0.1849153889671984,0.15391985345783227
0.20569752387145596,0.12853401147373567,0.15233512991873863,0.17453684139820264,0.18525688619249156,0.15363960714537372
0.20650259813945232,0.1278541368322526,0.152032385300162,0.1746550286517092,0.18559738955532507,0.15335846152109792
0.20730922007805305,0.1271767588790668,0.1517288983266557,0.17477180670396553,0.18593689189274246,0.15307642411951494
0.20811738456569534,0.1265018768093296,0.15142467649975083,0.1748871735690308,0.18627538606678123,0.152793502489413
0.208927086451577,0.12582948975339994,0.1511197273295296,0.17500112730731726,0.1866128649647537,0.15250970419342322
0.2097383205558572,0.12515959677713548,0.15081405833423941,0.1751136660256322,0.1869493214995332,0.1522250368076012
0.21055108166987047,0.1244921968821826,0.15050767703989498,0.17522478787721632,0.18728474860983896,0.15193950792099759
0.21136536455632643,0.12382728900627309,0.15020059097988503,0.17533449106178087,0.18761913926050544,0.15165312513522966
0.21218116394952347,0.12316487202351853,0.14989280769458244,0.1754427738255431,0.1879524864427731,0.1513658960640602
0.21299847455555349,0.12250494474471561,0.1495843347309514,0.1755496344612553,0.1882847831745555,0.15107782833296876
0.2138172910525134,0.12184750591764554,0.14927517964216125,0.17565507130823493,0.1886160225007153,0.15078892957873039
0.2146376080907137,0.12119255422738336,0.14896534998719016,0.17575908275238625,0.18894619749333758,0.15049920744898693
0.21545942029289414,0.12054008829660638,0.1486548533304422,0.17586166722622212,0.18927530125200176,0.15020866960183102
0.2162827222544308,0.11989010668590684,0.14834369724135893,0.17596282320888426,0.18960332690404325,0.14991732370537553
0.21710750854354427,0.11924260789410596,0.14803188929402952,0.1760625492261553,0.1899302676048269,0.14962517743733608
