0,1,2,3,4,5
0.07457987590344899,0.16497968756861717,0.2712949366969866,0.33144654383705574,0.0424562337336723,0.1152427222602196
0.07505768496476842,0.1663026625110721,0.27040354217361123,0.33156247240372494,0.042347378676310346,0.11432625927051247
0.07553691251889055,0.167631865684149,0.26950906236380145,0.33166966859946534,0.04223785668908593,0.11341463414460927
0.07601754494280137,0.1689672745797056,0.2686115436993147,0.33176811809581513,0.04212767349755927,0.11250784518480628
0.07649956843049431,0.1703088660247285,0.2677110327982256,0.33185780737127757,0.04201683488069153,0.11160589049458378
0.07698296899396932,0.17165661618079595,0.26680757646031633,0.3319387237157153,0.04190534667028518,0.11070876797891781
0.07746773246427484,0.17301050054368228,0.2659012216624209,0.3320108552346074,0.04179321475041496,0.10981647534460229
0.07795384449259864,0.17437049394310253,0.2649920155537224,0.33207419085314555,0.04168044505684496,0.10892901010058831
0.07844129055140552,0.17573657054260666,0.264080005450998,0.332128720320212,0.04156704357643867,0.1080463695583379
0.07893005593561857,0.17710870383961372,0.2631652388338267,0.33217443421219955,0.0414530163465543,0.10716855083218825
0.07942012576384784,0.17848686666558847,0.262247763339734,0.33221132393666486,0.04133836945443063,0.10629555083973308
0.07991148497966569,0.17987103118637193,0.261327626759308,0.3322393817358708,0.041223109036562525,0.10542736630221995
0.08040411835292627,0.18126116890265276,0.26040487703126447,0.33225860069013774,0.04110724127806418,0.10456399374495658
0.08089801048113338,0.1826572506505901,0.25947956223745855,0.3322689747210566,0.04099077241202152,0.1037054294977403
0.08139314579085334,0.18405924660258716,0.25855173059787123,0.3322704985945545,0.04087370871883673,0.10285166969529518
0.08188950853917373,0.18546712626821182,0.25762143046554226,0.33226316792378263,0.040756056525558394,0.10200271027773303
0.08238708281520564,0.18688085849526645,0.25668871032145396,0.3322469791718591,0.04063782220520159,0.10115854699101552
0.08288585254163548,0.18830041147101648,0.2557536187693948,0.33222192965444064,0.04051901217606015,0.1003191753874528
0.08338580147631965,0.18972575272356626,0.25481620453076875,0.33218801754214305,0.040399632901006656,0.09948459082619791
0.08388691321392525,0.19115684912338515,0.2538765164393611,0.33214524186277655,0.04027969088677968,0.09865478847376984
0.08438917118761555,0.19259366688499524,0.25293460343609164,0.3320936025034399,0.04015919268326765,0.09782976330459205
0.08489255867077908,0.1940361715688018,0.25199051456369476,0.33203310021242083,0.040038144882772526,0.09700951010153665
0.08539705877880509,0.19548432808308674,0.2510442989613856,0.33196373660094325,0.03991655411927416,0.09619402345650219
0.08590265447090693,0.19693810068616055,0.2500960058595143,0.3318855141447495,0.03979442706767745,0.09538329777099604
0.08640932855197771,0.19839745298864933,0.2491456845741182,0.33179843618547156,0.039671770443050244,0.09457732725673343
0.0869170636745041,0.19986234795596391,0.2481933845015189,0.33170250693189335,0.03954859099985654,0.09377610593626594
0.08742584234051279,0.20133274791090233,0.24723915511283545,0.33159773146096705,0.039424895531173745,0.09297962764361019
0.0879356469035674,0.20280861453641902,0.24628304594848766,0.33148411571870934,0.039300690867905504,0.0921878860249088
0.08844645957080331,0.20428990887855064,0.2453251066126751,0.33136166652088794,0.03917598387798218,0.09140087453910108
0.08895826240500557,0.20577659134948642,0.24436538676780437,0.3312303915535389,0.03905078146555338,0.09061858645861255
0.08947103732673094,0.20726862173080637,0.2434039361289157,0.3310902993733119,0.03892509057017132,0.08984101487006314
0.08998476611647159,0.20876595917687335,0.24244080445807265,0.3309413994076185,0.03879891816596634,0.08906815267499649
0.0904994304168569,0.210268562218367,0.24147604155872765,0.3307837019546186,0.03867227126081101,0.08829999259062055
0.09101501173489736,0.21177638876599117,0.24050969727005647,0.33061721818300593,0.038545156895478556,0.08753652715057295
0.09153149144427113,0.2132893961143225,0.23954182146128813,0.3304419601316234,0.03841758214279155,0.08677774870570039
0.09204885078764913,0.21480754094582574,0.23857246402600674,0.3302579407088958,0.03828955410676345,0.08602364942486329
0.09256707087905237,0.21633077933499953,0.23760167487641498,0.33006517369205757,0.0381610799217296,0.0852742212957444
0.09308613270626279,0.21785906675271002,0.23662950393762247,0.3298636737262323,0.03803216675147389,0.08452945612569697
0.09360601713325889,0.21939235807064186,0.23565600114186905,0.3296534563232907,0.03790282178834553,0.08378934554259414
0.09412670490269241,0.2209306075659297,0.23468121642276735,0.3294345378605419,0.03777305225236822,0.08305388099570489
0.09464817663840602,0.22247376892591714,0.23370519970951356,0.32920693557923314,0.037642865390343457,0.08232305375658737
0.09517041284798548,0.22402179525308688,0.2327280009210999,0.32897066758287735,0.03751226847494608,0.08159685492000501
0.09569339392534339,0.22557463907012879,0.2317496699605001,0.32872575283536093,0.037381268803812304,0.08087527540485394
0.09621710015334414,0.2271322523251537,0.23077025670885548,0.32847221115890707,0.03724987369862268,0.08015830595511621
0.09674151170645974,0.22869458639706944,0.22978981101965182,0.328210063231812,0.037118090504177075,0.07944593714083133
0.09726660865345972,0.23026159210108535,0.22880838271288512,0.3279393305860262,0.03698592658746399,0.0787381593590823
0.09779237096013618,0.23183321969437537,0.22782602156922688,0.32766003560453155,0.03685338933672366,0.07803496283500788
0.0983187784920583,0.23340941888188435,0.22684277732418365,0.32737220151854174,0.03672048616050728,0.07733633762282902
0.09884581101736081,0.23499013882226535,0.22585869966225303,0.32707585240449866,0.03658722448672658,0.07664227360689417
0.09937344820956386,0.23657532813398,0.22487383821108411,0.32677101318091956,0.036453611761703086,0.07595276050275174
0.09990166965041665,0.23816493490151464,0.22388824253562317,0.32645770960500714,0.03631965544920734,0.0752677878582285
0.10043045483278476,0.23975890668175842,0.22290196213229152,0.3261359682691257,0.03618536302949801,0.07458734505454119
0.10095978316354688,0.24135719051049842,0.22191504642312995,0.32580581659705504,0.036050741998352176,0.07391142130741737
0.10148963396653483,0.2429597329090687,0.22092754474997717,0.3254672828400846,0.035915799866094576,0.07324000566824075
0.10201998648549476,0.24456647989112043,0.21993950636864493,0.3251203960729107,0.03578054415662033,0.07257308702521344
0.10255081988707306,0.24617737696952663,0.21895098044309452,0.32476518618935185,0.03564498240641544,0.0719106541045379
0.10308211326383124,0.24779236916342984,0.217962016039641,0.3244016838979009,0.03550912216357342,0.07125269547162094
0.10361384563728236,0.24941140100540352,0.21697266212114752,0.3240299207170707,0.03537297098680719,0.07059919953229067
0.10414599596094887,0.2510344165487392,0.21598296754124893,0.3236499289705695,0.035236536444459336,0.0699501545340367
0.10467854312345115,0.25266135937487955,0.21499298103858075,0.3232617417823104,0.03509982611350949,0.06930554856727077
0.10521146595161035,0.25429217260094883,0.21400275123103507,0.3228653930712287,0.03496284757857838,0.06866536956660065
0.10574474321357451,0.25592679888742403,0.21301232661001657,0.3224609175459255,0.03482560843093025,0.06802960531212955
0.10627835362196389,0.2575651804459142,0.21202175553473765,0.3220483506991438,0.03468811626747284,0.06739824343076828
0.10681227583703726,0.25920725904705816,0.21103108622651706,0.3216277288020604,0.03455037868975512,0.06677127139756839
0.10734648846987528,0.26085297602854485,0.21004036676311696,0.3211990888984225,0.03441240330296629,0.06614867653707657
0.10788097008557786,0.2625022723032254,0.20904964507308613,0.32076246879848386,0.03427419771492773,0.0655304460247001
0.10841569920648413,0.26415508836736684,0.20805896893015,0.3203179070728105,0.03413576953509182,0.06491656688809927
0.10895065431540046,0.2658113643089802,0.20706838594760393,0.3198654430458914,0.03399712637353273,0.06430702600859019
0.10948581385884884,0.2674710398162801,0.20607794357276096,0.3194051167895934,0.03385827583994198,0.06370181012257177
0.11002115625032537,0.26913405418623315,0.20508768908140562,0.3189369691164499,0.03371922554262157,0.0631009058229649
0.11055665987356661,0.2708003463332014,0.20409766957229108,0.3184610415727899,0.03357998308747696,0.06250429956067216
0.1110923030858393,0.27246985479770586,0.20310793196167828,0.3179773764317088,0.03344055607701245,0.06191197764605577
0.11162806422122645,0.2741425177552539,0.20211852297788888,0.3174860166858747,0.03330095210932499,0.061323926250429116
0.11216392159393133,0.27581827302529494,0.20112948915591317,0.3169870060401908,0.033161178777100675,0.06074013140757047
0.11269985350158589,0.2774970580802254,0.20014087683204393,0.3164803889042834,0.0330212436666121,0.06016057901524618
0.11323583822857085,0.27917881005451917,0.1991527321385623,0.3159662103848724,0.032881154356717075,0.05958525483675966
0.11377185404933221,0.2808634657539145,0.1981651009984453,0.3154445162779445,0.03274091841785854,0.05901414450250723
0.11430787923171391,0.28255096166469057,0.1971780291201345,0.3149153530608331,0.03260054341106867,0.058447233511557735
0.1148438920402892,0.2842412339630349,0.19619156199234206,0.3143787678841164,0.03246003688697348,0.05788450723324398
0.11537987073969316,0.2859342185244604,0.1952057448788955,0.3138348085633816,0.03231940638480033,0.0573259509087698
0.11591579359796102,0.2876298509333219,0.19422062281363703,0.3132835235708598,0.03217865943139015,0.05677154965283382
0.11645163888986265,0.2893280664923804,0.193236240595366,0.31272496202691313,0.03203780354020983,0.0562212884552685
0.11698738490024627,0.29102880023245037,0.19225264278284107,0.3121591736913949,0.03189684621037203,0.0556751521826931
0.11752300992736807,0.2927319869221056,0.1912698736898157,0.31158620895487715,0.031755794925655466,0.05513312558018125
0.11805849228622732,0.2944375610774288,0.1902879773801357,0.31100611882973406,0.03161465715353054,0.054595193272942766
0.11859381031190158,0.29614545697185457,0.18930699766290007,0.3104189549411319,0.03147344034419068,0.054061339768020564
0.1191289423628659,0.2978556086460254,0.18832697808765575,0.3098247695178641,0.0313321519295861,0.05353154945599993
0.11966386682431891,0.2995679499177351,0.18734796193966768,0.3092236153830829,0.03119079932246322,0.05300580661273222
0.12019856211149343,0.3012824143918945,0.18636999223522827,0.30861554594490453,0.031049389915410515,0.052484095401069845
0.12073300667296524,0.30299893547054924,0.18539311171704742,0.3080006151869115,0.03090793107990847,0.05196639987261575
0.12126717899395432,0.3047174463629575,0.1844173628496831,0.3073788776585362,0.03076643016538589,0.05145270396948658
0.1218010575996049,0.30643788009566475,0.18344278781503953,0.30675038846532676,0.030624894498281187,0.050942991526082344
0.12233462105827295,0.30816016952266495,0.18246942850793665,0.3061152032591349,0.030483331381111898,0.0504372462708764
0.12286784798478972,0.30988424733555314,0.18149732653172845,0.3054733782281718,0.030341748091549513,0.04993545182820865
0.12340071704371192,0.311610046073724,0.1805265231939942,0.3048249700869794,0.030200151881500183,0.049437591720093384
0.12393320695256543,0.31333749813459166,0.17955705950229492,0.3041700360663114,0.030058549976194282,0.048943649368039466
0.12446529648507691,0.31506653578384713,0.17858897616000202,0.3035086339029135,0.029916949573282833,0.04845360809487849
0.12499696447437052,0.3167970911656996,0.1776223135621759,0.30284082182920974,0.029775357841940197,0.04796745112660169
0.12552818981617417,0.3185290963131751,0.17665711179153928,0.3021666585629218,0.02963378192197615,0.04748516159421152
0.12605895147198998,0.3202624831583965,0.17569341061449822,0.30148620329658427,0.02949222892295513,0.0470067225355761
