0,1,2,3,4,5
0.06615682704991546,0.20252743169578072,0.26741906630395335,0.31433263410878376,0.03694410750903415,0.11261993333253036
0.06651368930844596,0.20176436348252907,0.267311759389258,0.3148816433279516,0.037072674889696226,0.11245586960211817
0.06687210694183407,0.20100287787824284,0.2672026931488269,0.31542948824957656,0.03720146748974922,0.11229136629177186
0.06723208426139472,0.20024297766181168,0.26709186915290273,0.3159761584378835,0.03733048440332435,0.1121264260826822
0.06759362557471137,0.1994846655835873,0.26697928900894324,0.31652164345637757,0.0374597247160591,0.11196105166032057
0.06795673518552663,0.1987279443653627,0.2668649543615561,0.3170659328681184,0.037589187505085594,0.11179524571435193
0.06832141739363337,0.19797281670033623,0.26674886689244837,0.31760901623601207,0.037718871839019376,0.11162901093855189
0.06868767649476507,0.19721928525309837,0.26663102832035984,0.31815088312310286,0.03784877677794874,0.11146235003072542
0.06905551678048857,0.1964673526596029,0.2665114404010072,0.3186915230928556,0.03797890137342305,0.11129526569261736
0.06942494253809278,0.19571702152715162,0.26639010492701776,0.31923092570945794,0.038109244668443405,0.11112776062983559
0.06979595805047999,0.1949682944343624,0.26626702372785543,0.3197690805380933,0.03823980569745004,0.11095983755175808
0.07016856759605565,0.194221173931156,0.26614219866977445,0.3203059771452451,0.03837058348631352,0.11079149917145671
0.07054277544861916,0.19347566253873705,0.2660156316557298,0.3208416050989825,0.038501577052324716,0.1106227482056065
0.07091858587725422,0.1927317627495738,0.26588732462532527,0.3213759539692538,0.03863278540418397,0.11045358737440865
0.07129600314621837,0.1919894770273793,0.2657572795547324,0.32190901332817806,0.03876420754199187,0.11028401940149922
0.07167503151483191,0.19124880780709622,0.2656254984566229,0.3224407727503417,0.03889584245723956,0.11011404701387098
0.07205567523736872,0.19050975749487759,0.2654919833800885,0.32297122181308,0.039027689132799456,0.10994367294178431
0.07243793856294656,0.18977232846807868,0.26535673641058183,0.3235003500967891,0.039159746542916415,0.10977289991868758
0.07282182573541451,0.1890365230752349,0.26521975966981765,0.3240281471852054,0.03929201365319838,0.1096017306811302
0.07320734099324384,0.1883023436360507,0.2650810553157138,0.3245546026657056,0.039424489420607355,0.10943016796867897
0.07359448856941682,0.18756979244139105,0.2649406255423019,0.325079706129602,0.03955717279345176,0.10925821452383574
0.07398327269131631,0.18683887175326527,0.2647984725796529,0.3256034471724389,0.039690062711377615,0.10908587309195107
0.07437369758061449,0.18610958380481518,0.26465459869378594,0.3261258153942815,0.03982315810535982,0.10891314642114198
0.07476576745316259,0.18538193080031323,0.26450900618659356,0.32664680040002675,0.039956457897695453,0.10874003726220866
0.075159486518879,0.18465591491514208,0.2643616973957544,0.32716639179968293,0.04008996100199475,0.10856654836854791
0.07555485898163838,0.1839315382957946,0.264212674694646,0.3276845792086743,0.04022366632317421,0.1083926824960716
0.07595188903916193,0.18320880305986303,0.2640619404922555,0.32820135224814484,0.04035757275744929,0.1082184424031238
0.0763505808829043,0.1824877112960358,0.26390949723309415,0.32871670054524393,0.04049167919232676,0.10804383085039325
0.07675093869794457,0.18176826506408655,0.2637553473971029,0.32923061373343154,0.04062598450659826,0.10786885060083488
0.07715296666287247,0.18105046639487452,0.26359949349956496,0.3297430814527718,0.040760487570333306,0.10769350441958188
0.07755666894967966,0.18033431729033775,0.2634419380910069,0.3302540933502385,0.04089518724487209,0.10751779507386354
0.07796204972364769,0.1796198197234914,0.2632826837571096,0.330763639080006,0.041030082382820666,0.1073417253329237
0.07836911314323468,0.17890697563842403,0.26312173311860937,0.33127170830375197,0.04116517182804297,0.10716529796793489
0.07877786335996875,0.17819578695030014,0.2629590888312029,0.3317782906909554,0.04130045441565634,0.1069885157519168
0.07918830451833156,0.17748625554535635,0.26279475358544274,0.33228337591919477,0.041435928972024166,0.10681138145965204
0.07960044075565104,0.1767783832809009,0.2626287301066427,0.3327869536744502,0.04157159431475179,0.10663389786760313
0.08001427620198766,0.17607217198532013,0.2624610211547782,0.33328901365140456,0.04170744925268021,0.10645606775383089
0.0804298149800251,0.17536762345807422,0.26229162952437474,0.3337895455537372,0.041843492585881006,0.10627789389790973
0.08084706120495833,0.174664739469708,0.2621205580444146,0.33428853909442496,0.04197972310565161,0.106099379080845
0.081266018984381,0.17396352176184735,0.26194780957821984,0.3347859839960501,0.042116139594509786,0.10592052608499167
0.08168669241817918,0.17326397204720914,0.26177338702336067,0.33528186999108817,0.04225274082619032,0.10574133769397133
0.08210908559841432,0.17256609200960546,0.26159729331153136,0.3357761868222234,0.04238952556563905,0.10556181669258875
0.08253320260921554,0.17186988330394878,0.26141953140844865,0.3362689242426294,0.042526492569008964,0.10538196586674972
0.0829590475266683,0.17117534755626265,0.2612401043137419,0.3367600720162886,0.04266364058365727,0.1052017880033786
0.0833866244187056,0.17048248636368818,0.26105901506084284,0.3372496199182839,0.04280096834814039,0.10502128589033918
0.08381593734499215,0.16979130129449035,0.2608762667168626,0.33773755773509356,0.04293847459221013,0.10484046231634744
0.08424699035681957,0.16910179388807717,0.26069186238248815,0.33822387526490777,0.04307615803681145,0.10465932007089467
0.08467978749699209,0.1684139656549988,0.26050580519186045,0.338708562317909,0.04321401739407737,0.1044778619441605
0.08511433279971721,0.16772781807697026,0.260318098312458,0.3391916087165884,0.0433520513673276,0.1042960907269367
0.08555063029049574,0.16704335260687558,0.2601287449449807,0.33967300429604297,0.04349025865106501,0.10411400921054288
0.08598868398601112,0.16636057066878576,0.2599377483232251,0.34015273890426095,0.04362863793097127,0.10393162018674346
0.08642849789402023,0.16567947365797717,0.25974511171397274,0.3406308024024519,0.04376718788390729,0.10374892644767068
0.08687007601324213,0.1650000629409371,0.2595508384168583,0.3411071846653158,0.043905907177908945,0.10356593078573999
0.08731342233324871,0.164322339855386,0.2593549317642463,0.34158187558136305,0.04404479447218429,0.10338263599357138
0.08775854083435579,0.16364630571029792,0.2591573951211191,0.3420548650532073,0.04418384841711389,0.10319904486390671
0.08820543548751301,0.16297196178590992,0.25895823188493483,0.34252614299786355,0.044323067654246394,0.10301516018953
0.08865411025419477,0.16229930933374936,0.2587574454855111,0.34299569934705665,0.044462450816298967,0.10283098476318792
0.08910456908629087,0.1616283495766467,0.2585550393848891,0.3434635240475086,0.04460199652715442,0.10264652137750815
0.08955681592599717,0.16095908370876028,0.2583510170772144,0.34392960706124637,0.044741703401861226,0.10246177282492017
0.0900108547057064,0.16029151289559798,0.25814538208859156,0.34439393836590015,0.044881570046630605,0.10227674189757356
0.09046668934790149,0.15962563827403609,0.2579381379769661,0.3448565079549979,0.04502159505883772,0.10209143138726082
0.09092432376504572,0.15896146095234512,0.25772928833198444,0.34531730583826775,0.045161777027019075,0.10190584408533664
0.09138376185947454,0.15829898201021508,0.2575188367748588,0.3457763220419406,0.04530211453087364,0.10171998278263857
0.09184500752328721,0.15763820249877594,0.257306786958236,0.34623354660903505,0.04544260614126154,0.101533850269407
0.09230806463823917,0.15697912344062653,0.2570931425660532,0.3466889695996724,0.0455832504202033,0.10134744933520573
0.09277293707563623,0.1563217458298626,0.25687790731341387,0.3471425810913592,0.045724045920881154,0.1011607827688474
0.09323962869622425,0.15566607063210014,0.25666108494643236,0.3475943711792977,0.045864991187638454,0.10097385335830973
0.09370814335008272,0.15501209878450697,0.2564426792421056,0.34804432997666945,0.04600608475597961,0.10078666389065777
0.09417848487652153,0.1543598311958294,0.25622269400816466,0.3484924476149434,0.0461473251525715,0.1005992171519691
0.09465065710396935,0.15370926874642707,0.2560011330829381,0.34893871424416995,0.04628871089524387,0.10041151592725396
0.09512466384986883,0.15306041228829662,0.2557780003352062,0.34938312003326616,0.046430240492989265,0.10022356300037526
0.09560050892057177,0.15241326264510863,0.25555329966405194,0.349825655170329,0.046571912445965445,0.10003536115397321
0.09607819611123333,0.15176782061223926,0.2553270349987236,0.3502663098629191,0.04671372524549583,0.09984691316938876
0.09655772920570399,0.15112408695680424,0.25509921029848165,0.35070507433835424,0.04685567737407042,0.09965822182658514
0.09703911197642669,0.15048206241768913,0.2548698295524537,0.3511419388440131,0.04699776730534824,0.09946928990406956
0.0975223481843313,0.1498417477055907,0.2546388967794835,0.3515768936476187,0.047139993504158664,0.09928012017881903
0.09800744157872857,0.1492031435030461,0.2544064160279807,0.3520099290375373,0.04728235442650242,0.09909071542620233
0.09849439589720885,0.14856625046447805,0.2541723913757757,0.3524410353230775,0.04742484851955533,0.09890107841990645
0.09898321486553299,0.14793106921622223,0.25393682692995595,0.35287020283476417,0.04756747422166878,0.09871121193185393
0.09947390219753446,0.14729760035657577,0.2536997268267295,0.3532974219246538,0.04771022996237357,0.0985211187321356
0.09996646159501085,0.14666584445582875,0.2534610952312463,0.3537226829666026,0.0478531141623802,0.0983308015889285
0.10046089674762547,0.1460358020563108,0.25322093633747433,0.354145976356582,0.04799612523358468,0.09814026326842483
0.10095721133279793,0.14540747367242515,0.2529792543680118,0.3545672925129438,0.04813926157906804,0.097949506534753
0.10145540901560966,0.14478085979069658,0.2527360535739529,0.3549866218767317,0.04828252159310176,0.09775853414990648
0.10195549344869652,0.14415596086981253,0.25249133823471953,0.35540395491195476,0.04842590366115008,0.09756734887366834
0.10245746827214741,0.14353277734066253,0.25224511265790217,0.3558192821058833,0.048569406159872264,0.0973759534635341
0.10296133711340523,0.14291130960638893,0.2519973811790997,0.35623259396933765,0.0487130274571282,0.09718435067464078
0.10346710358716447,0.14229155804242635,0.2517481481617627,0.3566438810369725,0.048856765911979315,0.0969925432596934
0.10397477129527127,0.1416735229965529,0.25149741799702896,0.3570531338675641,0.04900061987469517,0.09680053396889007
0.10448434382661992,0.1410572047889307,0.25124519510355164,0.35746034304429575,0.04914458768675447,0.09660832554984657
0.1049958247570589,0.14044260371216047,0.25099148392735243,0.3578654991750459,0.04928866768085201,0.09641592074752947
0.10550921764928574,0.13982972003132224,0.25073628894164085,0.35826859289267293,0.049432858180900235,0.09622332230417811
0.10602452605275248,0.1392185539840314,0.25047961464665686,0.3586696148552885,0.04957715750203516,0.09603053295923357
0.10654175350356337,0.13860910578048677,0.2502214655695006,0.35906855574656016,0.04972156395062032,0.09583755544926825
0.10706090352437844,0.1380013756035179,0.249961846263966,0.35946540627597473,0.049866075824251656,0.09564439250791118
0.10758197962431498,0.13739536360864096,0.24970076131037125,0.35986015717913306,0.0500106914117615,0.09545104686577924
0.10810498529885056,0.13679106992410875,0.24943821531538898,0.3602527992180228,0.0501554089932244,0.09525752125040422
0.10862992402972635,0.1361884946509665,0.24917421291187825,0.36064332318130327,0.050300226839962416,0.09506381838616161
0.10915679928485023,0.13558763786310246,0.2489087587587101,0.3610317198845855,0.05044514321454878,0.09486994099420294
0.10968561451819922,0.134988499607305,0.2486418575405973,0.3614179801707033,0.0505901563708143,0.09467589179238063
