0,1,2,3,4,5
0.13938394340613702,0.15084150193417226,0.1722809635410176,0.17320464504343314,0.17818077859386272,0.18610816748137843
0.14081816571275568,0.15172446116933389,0.1720075921474643,0.1728782478089381,0.17756081344593777,0.1850107197155691
0.14226297590888667,0.15260791315441652,0.1717294408824456,0.17254721488024097,0.17693798289012858,0.18391447228388053
0.14371837984312844,0.1534917870879391,0.1714465120213182,0.172211553461466,0.1763123099923277,0.1828194575938197
0.14518438203410533,0.15437601147664975,0.17115880848922896,0.17187127139997485,0.17568381832352425,0.1817257082765161
0.14666098565528166,0.15526051414567338,0.17086633386648192,0.1715263771906127,0.1750525319598251,0.18063325718212273
0.14814819252006292,0.15614522224903538,0.17056909239373885,0.17117687997977818,0.1744184754823114,0.17954213737507244
0.14964600306718417,0.1570300622805493,0.170267088977045,0.1708227895693256,0.1737816739767074,0.17845238212918785
0.15115441634641197,0.1579149600850715,0.16996032919269935,0.17046411642028572,0.1731421530328752,0.17736402492265363
0.15267343000455252,0.15879984087013044,0.1696488192919373,0.17010087165639895,0.17249993874413305,0.17627709943284559
0.15420304027179046,0.1596846292179135,0.16933256620543646,0.16973306706746807,0.1718550577063732,0.17519163953101996
0.15574324194836572,0.1605692490976232,0.16901157754763638,0.16936071511251127,0.17120753701700925,0.1741076792768554
0.15729402839160073,0.16145362387820492,0.16868586162087115,0.16898382892272748,0.1705574042737306,0.17302525291286444
0.15885539150328715,0.16233767634142668,0.16835542741930623,0.16860242230425437,0.16990468757306618,0.1719443948586616
0.16042732171743976,0.16322132869532358,0.1680202846326752,0.16821650974072347,0.1692494155087493,0.17086513970508999
0.1620098079884399,0.164104502588007,0.1676804436498156,0.16782610639561343,0.16859161716990456,0.16978752220822044
0.16360283777956877,0.1649871191218229,0.1673359155619949,0.16743122811438163,0.16793132213902381,0.16871157728320593
0.1652063970519443,0.1658690988678722,0.16698671216602637,0.16703189142638905,0.16726856048975494,0.16763733999801228
0.1668204702538684,0.16675036188086945,0.16663284596717037,0.16662811354659837,0.16660336278448823,0.16656484556700446
0.1684450403106099,0.1676308277143678,0.1662743301818082,0.16621991237705772,0.16593576007174407,0.1654941293444125
0.17008008861461532,0.16851041543631215,0.16591117873990283,0.16580730650814351,0.16526578388336294,0.16442522681766242
0.17172559501616644,0.16938904364494223,0.16554340628722353,0.16539031521959724,0.16459346623148685,0.16335817360058355
0.17338153781449395,0.17026663048503127,0.16517102818733975,0.1649689584813012,0.16391883960534656,0.16229300542648817
0.17504789374935767,0.17114309366445205,0.16479406052338316,0.16454325695384106,0.1632419369678383,0.16122975814112775
0.17672463799310204,0.17201835047108197,0.16441252009956564,0.16411323198881575,0.16256279175190336,0.1601684676955313
0.1784117441431991,0.17289231779001935,0.16402642444245688,0.1636789056289122,0.16188143785669495,0.15910917013872106
0.18010918421527478,0.17376491212112075,0.16363579180201387,0.1632403006077288,0.16119790964354364,0.1580519016103145
0.18181692863666007,0.17463604959686296,0.16324064115236983,0.16279744034936497,0.1605122419317272,0.15699669833301316
0.18353494624042965,0.17550564600048882,0.16284099219235507,0.16235034896773642,0.15982446999401456,0.155943596604976
0.1852632042599775,0.1763736167844771,0.16243686534577206,0.1618990512656626,0.1591346295520193,0.15489263279208873
0.18700166832412193,0.17723987708929,0.16202828176141765,0.16144357273369,0.15844275677135095,0.15384384332012596
0.18875030245273783,0.1781043417624203,0.161615263312829,0.16098393954865267,0.15774888825654634,0.15279726466681315
0.1905090690529409,0.17896692537771122,0.16119783259777806,0.16052017857198259,0.1570530610458064,0.1517529333537789
0.19227792891582968,0.17982754225495476,0.1607760129374973,0.1600523173477583,0.15635531260553256,0.15071088593842843
0.19405684121377523,0.18068610647975694,0.16034982837563033,0.15958038410048556,0.15565568082464776,0.14967115900570305
0.19584576349829155,0.18154253192365816,0.15991930367692533,0.15910440773262347,0.15495420400872734,0.14863378915977232
0.1976446516984707,0.1823967322645124,0.1594844643256433,0.15862441782183812,0.15425092087391973,0.1475988130156184
0.19945346011999837,0.1832486210070971,0.1590453365236943,0.15814044461799198,0.15354587054067032,0.14656626719054677
0.20127214144476713,0.18409811150397082,0.1586019471885099,0.1576525190398726,0.152839092527251,0.14553618829562864
0.2031006467310595,0.18494511697654753,0.1581543239506191,0.15716067267164374,0.15213062674308078,0.14450861292704525
0.20493892541435843,0.18578955053639418,0.15770249515096324,0.15666493775903623,0.1514205134818661,0.1434835776573817
0.20678692530872847,0.18663132520672346,0.15724648983791842,0.15616534720526243,0.15070879341452897,0.14246111902683609
0.20864459260883012,0.18747035394410763,0.1567863377640477,0.15566193456667377,0.1499955075819615,0.14144127353438193
0.21051187189252446,0.18830654966035384,0.15632206938256074,0.15515473404813243,0.14928069738757624,0.14042407762885464
0.21238870612410993,0.18913982524458092,0.1558537158435069,0.15464378049813174,0.14856440458967574,0.13940956769999527
0.21427503665816863,0.18997009358544925,0.1553813089896698,0.15412910940363472,0.14784667129363846,0.13839778006943712
0.2161708032440338,0.19079726759356067,0.1549048813521948,0.15361075688465256,0.1471275399439123,0.13738875098164532
0.2180759440308834,0.19162126022399367,0.15442446614591776,0.15308875968854668,0.14640705331584078,0.1363825165948177
0.21999039557345987,0.19244198449898742,0.15394009726443086,0.1525631551840766,0.14568525450730177,0.13537911297174374
0.2219140928384192,0.1932593535307447,0.15345180927485055,0.15203398135517446,0.14496218693017782,0.1343785760706358
0.22384696921130817,0.19407328054435238,0.1529596374123144,0.15150127679445075,0.14423789430164996,0.13338094173592402
0.22578895650417433,0.19488367890080624,0.15246361757419663,0.1509650806964548,0.14351242063533304,0.13238624568903468
0.22773998496380268,0.19569046212012595,0.15196378631403953,0.150425432850652,0.1427858102322352,0.13139452351914646
0.2296999832805854,0.19649354390455082,0.15146018083521423,0.1498823736341569,0.14205810767156474,0.13040581067392756
0.23166887859802907,0.19729283816180868,0.15095283898430067,0.14933594400420677,0.14132935780137687,0.12942014245027691
0.23364659652288128,0.19808825902844004,0.15044179924419626,0.14878618549037706,0.14059960572906693,0.1284375539850415
0.23563306113589047,0.19887972089315462,0.14992710072694557,0.14823314018654082,0.1398688968117148,0.12745808024575084
0.23762819500320123,0.1996671384202508,0.14940878316631329,0.14767685074259523,0.1391372766462873,0.12648175602134717
0.23963191918835833,0.2004504265730243,0.14888688691007276,0.14711736035591888,0.13840479105969372,0.12550861591293191
0.24164415326494454,0.2012295006371971,0.1483614529120363,0.14655471276259813,0.13767148609870758,0.12453869432451639
0.24366481532983827,0.20200427624435388,0.14783252272382605,0.14598895222841424,0.13693740801976037,0.12357202545380895
0.24569382201707948,0.20277466939534033,0.14730013848637802,0.1454201235395858,0.13620260327860134,0.12260864328301482
0.24773108851235653,0.20354059648365205,0.14676434292119656,0.1448482719932845,0.13546711851984153,0.12164858156966968
0.24977652856809313,0.2043019743187666,0.14622517932134307,0.14427344338791412,0.13473100056637355,0.1206918738375117
0.25183005451914037,0.20505872014942841,0.14568269154218963,0.14369568401316993,0.1339942964086821,0.11973855336738998
0.25389157729906764,0.2058107516868727,0.145136923991916,0.14311504063987468,0.13325705319405026,0.11878865318822089
0.25596100645703973,0.20655798712794907,0.1445879216217646,0.1425315605095943,0.13251931821565474,0.11784220606799703
0.2580382501752933,0.2073003451781789,0.14403572991606217,0.14194529132404468,0.13178113890157536,0.11689924450484405
0.26012321528716853,0.2080377450746837,0.1434803948820055,0.1413562812342894,0.13104256280369947,0.11595980071815093
0.2622158072957327,0.20877010660901252,0.1429219630392099,0.14076457882973206,0.13030363758655553,0.11502390663975523
0.26431593039295687,0.20949735014982823,0.14236048140904628,0.14017023312691243,0.1295644110160527,0.11409159390520345
0.2664234874794547,0.21021939666545142,0.14179599750374575,0.13957329355810902,0.12882493094815173,0.11316289384508744
0.26853838018476217,0.21093616774625715,0.14122855931529382,0.13897380995975583,0.128085245317469,0.11223783747646315
0.27066050888816034,0.2116475856268862,0.14065821530411915,0.13837183256067265,0.1273454021258115,0.11131645549435105
0.27278977274002447,0.21235357320829526,0.14008501438756668,0.1377674119701244,0.1266054494306579,0.11039877826333085
0.27492606968369887,0.21305405407959543,0.13950900592818144,0.1371605991657057,0.12586543533358846,0.10948483580923267
0.2770692964778645,0.21374895253969375,0.13893023972179558,0.13655144548105771,0.12512540796866636,0.1085746578109217
0.27921934871943377,0.21443819361871655,0.1383487659854252,0.13594000259344124,0.12438541549078337,0.10766827359219708
0.28137612086690683,0.21512170309920187,0.13776463534498834,0.13532632251113652,0.12364550606397152,0.10676571211379614
0.2835395062642113,0.21579940753704435,0.13717789882284762,0.13471045756070998,0.12290572784967929,0.10586700196550819
0.28570939716501803,0.21647123428219214,0.13658860782518023,0.13409246037414302,0.12216612899504538,0.1049721713584184
0.28788568475750564,0.2171371114990816,0.13599681412919165,0.13347238387581814,0.12142675762113764,0.10408124811726513
0.2900682591895482,0.2177969681867759,0.1354025698701643,0.13285028126938722,0.12068766181119457,0.1031942596729289
0.29225700959436024,0.21845073419884262,0.13480592752836434,0.13222620602451587,0.1199488895988619,0.1023112330550537
0.29445182411653475,0.21909834026290886,0.13420693991579927,0.13160021186351642,0.11921048895643485,0.10143219488480297
0.29665258993849464,0.21973971799991387,0.13360566016284597,0.13097235274787628,0.11847250778310799,0.10055717136775999
0.29885919330732363,0.22037479994304257,0.13300214170474386,0.13034268286468642,0.11773499389324042,0.0996861882869641
0.3010715195619809,0.2210035195563235,0.13239643826796652,0.12971125661297606,0.1169979950046489,0.09881927099610559
0.3032894531608646,0.2216258112528834,0.13178860385648836,0.12907812858997117,0.11626155872692694,0.09795644441286593
0.305512877709735,0.22224161041285503,0.1311786927379282,0.128443353577265,0.11552573254979849,0.09709773301241774
0.30774167598996105,0.22285085340091298,0.13056675942960444,0.12780698652693046,0.11479056383151393,0.09624316082107993
0.3099757299870688,0.22345347758344644,0.12995285868449344,0.1271690825475576,0.1140560997872938,0.09539275141013949
0.31221492091962183,0.22404942134535077,0.1293370454771038,0.12652969689025162,0.11332238747782937,0.09454652788984068
0.3144591292683602,0.22463862410641988,0.12871937498927385,0.12588888493456865,0.11258947379783743,0.09370451290354073
0.3167082348056203,0.2252210263373459,0.1280999025958939,0.12524670217442122,0.11185740546468423,0.0928667286220367
0.3189621166250019,0.22579656957531574,0.12747868385057531,0.12460320420394864,0.11112622900708337,0.09203319673807633
0.32122065317128734,0.22636519643917713,0.12685577447125806,0.12395844670336369,0.1103959907538697,0.09120393846103979
0.32348372227056565,0.2269268506442074,0.12623123032577593,0.12331248542478218,0.10966673682285888,0.09037897451180668
0.32575120116057116,0.22748147701641527,0.1256051074173767,0.12266537617804044,0.10893851310979388,0.08955832511780534
0.328022966521204,0.22802902150643145,0.12497746187021459,0.12201717481651027,0.10821136527738724,0.0887420100082492
