0,1,2,3,4,5
0.13649886227829322,0.18967103208576824,0.20529080860519344,0.13089708082200005,0.16181354763587233,0.17582866857287185
0.13733183020775402,0.18904057626698795,0.20413902804152118,0.13186022079698667,0.16200838998618702,0.17561995470056138
0.13816715303327878,0.18840794174621753,0.20298935381875782,0.13282750069333893,0.16220013852166637,0.17540791218674068
0.13900480616879649,0.18777315678415704,0.20184181473203305,0.13379890172711997,0.16238877477187336,0.17519254581602198
0.1398447647176919,0.18713624988036218,0.20069643953895003,0.13477440464809606,0.16257428051076353,0.17497386070413493
0.14068700347519228,0.18649724977004817,0.19955325695537876,0.13575398974009015,0.16275663776072757,0.1747518622985633
0.14153149693084466,0.1858561854208026,0.19841229565122348,0.13673763682144913,0.16293582879658575,0.17452655637909478
0.1423782192710774,0.18521308602924516,0.19727358424618874,0.13772532524561662,0.1631118361495561,0.1742979490583167
0.14322714438184933,0.184567981017613,0.19613715130551365,0.13871703390182746,0.16328464261117437,0.17406604678202062
0.14407824585138884,0.18392090003027384,0.19500302533570965,0.13971274121590832,0.1634542312371797,0.1738308563295407
0.14493149697300983,0.18327187293017355,0.19387123478026558,0.1407124251511854,0.16362058535135188,0.17359238481401246
0.14578687074802482,0.18262092979522598,0.19274180801536023,0.14171606320952226,0.16378368854931247,0.17335063968255113
0.1466443398887355,0.1819681009146209,0.19161477334555194,0.1427236324324571,0.16394352470227264,0.17310562871636354
0.1475038768215077,0.181313416785075,0.19049015899946284,0.1437351094024536,0.16410007796073617,0.17285736003076618
0.14836545368993867,0.18065690810702278,0.1893679931254615,0.14475047024427923,0.1642533327581572,0.17260584207514104
0.14922904235809864,0.17999860578073618,0.18824830378732915,0.1457696906264855,0.16440327381454667,0.17235108363280363
0.15009461441386046,0.17933854090238138,0.18713111895993215,0.14679274576300774,0.1645498861400243,0.17209309382079283
0.15096214117231357,0.17867674476002174,0.18601646652488182,0.14781961041488104,0.16469315503832074,0.17183188208958372
0.15183159367925025,0.1780132488295497,0.18490437426619524,0.14885025889206663,0.16483306611022222,0.17156745822271674
0.15270294271474932,0.1773480847705654,0.18379486986596266,0.14988466505540388,0.16496960525696588,0.171299832336353
0.1535761587968232,0.176681284422197,0.1826879809000054,0.1509228023186615,0.16510275868357063,0.17102901487874056
0.15445121218515737,0.1760128797988561,0.18158373483354026,0.15196464365072113,0.16523251290211163,0.17075501662961248
0.15532807288492034,0.17534290308594463,0.18048215901685244,0.1530101615778598,0.16535885473493817,0.170477848699486
0.15620671065065608,0.1746713866354995,0.1793832806809637,0.15405932818615994,0.16548177131782363,0.1701975225288975
0.1570870949902526,0.17399836296178972,0.17828712693331986,0.15511211512402678,0.16560125010305887,0.16991404988755254
0.157969195168986,0.1733238647368528,0.17719372475347522,0.15616849360482504,0.16571727886248014,0.16962744287338344
0.15885298021363745,0.17264792478598068,0.17610310098879003,0.15722843440962234,0.16582984569042636,0.1693377139115424
0.15973841891669135,0.17197057608316446,0.1750152823501484,0.15829190789005562,0.16593893900663864,0.16904487575329855
0.16062547984059833,0.171291851746474,0.17393029540767135,0.15935888397130474,0.16604454755908615,0.16874894147486705
0.1615141313221118,0.1706117850333973,0.17284816658645774,0.16042933215517746,0.16614666042671744,0.16844992447613996
0.16240434147670293,0.1699304093361345,0.17176892216233539,0.1615032215233162,0.1662452670221576,0.16814783847935505
0.16329607820303177,0.16924775817684531,0.1706925882576327,0.1625805207405013,0.16634035709431766,0.16784269752767106
0.16418930918750363,0.16856386520284927,0.16961919083696533,0.16366119805808255,0.1664319207309389,0.16753451598366143
0.16508400190887287,0.1678787641817819,0.16854875570303943,0.16474522131750735,0.16651994836106293,0.16722330852773698
0.16598012364292997,0.167192488996716,0.16748130849248646,0.16583255795396595,0.16660443075742282,0.1669090901564775
0.16687764146724451,0.1665050736412393,0.1664168746717156,0.16692317500014328,0.1666853590387666,0.16659187618089
0.1677765222659704,0.16581655221449054,0.16535547953278446,0.16801703909007829,0.16676272467209127,0.1662716822245824
0.16867673273471764,0.16512695891616308,0.164297148189307,0.16911411646313423,0.16683651947481382,0.1659485242218643
0.1695782393854825,0.16443632804147137,0.16324190557238083,0.17021437296806854,0.1669067356168444,0.16562241841575398
0.17048100855163292,0.16374469397608252,0.16218977642654417,0.1713177740672122,0.1669733656226007,0.1652933813559279
0.17138500639295906,0.16305209119101607,0.16114078530577003,0.17242428484075753,0.16703640237292303,0.16496142989657364
0.17229019890077016,0.16235855423751583,0.16009495656947967,0.17353386999113932,0.16709583910691828,0.16462658119417298
0.1731965519030562,0.16166411774188758,0.1590523143786007,0.17464649384752748,0.16715166942372028,0.1642888527052064
0.17410403106969252,0.16096881640031047,0.15801288269165312,0.17576212037041017,0.1672038872841562,0.16394826218377848
0.1750126019177004,0.16027268497362443,0.15697668526087097,0.17688071315629,0.16725248701234618,0.16360482767917098
0.17592222981655764,0.15957575828209158,0.15594374562836694,0.17800223544246485,0.16729746329719952,0.16325856753331672
0.17683287999356004,0.15887807120014028,0.15491408712233448,0.17912665011191778,0.1673388111938442,0.1629095003782033
0.1777445175392173,0.1581796586510753,0.15388773285327717,0.18025391969828905,0.16737652612494824,0.16255764513319282
0.1786571074127067,0.15748055560178317,0.15286470571030086,0.1813840063909589,0.16741060388197326,0.16220302100228096
0.1795706144473598,0.15678079705741005,0.15184502835742972,0.18251687204020384,0.16744104062632786,0.1618456474712696
0.1804850033561988,0.15608041805603262,0.15082872322998037,0.18365247816246655,0.16746783289044065,0.1614855443048834
0.18140023873750288,0.15537945366330166,0.14981581253096982,0.18479078594568876,0.16749097757873804,0.16112273154379855
0.18231628508042025,0.15467793896709145,0.1488063182275778,0.18593175625476013,0.16751047196853738,0.16075722950161386
0.18323310677060875,0.1539759090721187,0.14780026204765415,0.18707534963703,0.16752631371084525,0.16038905876174195
0.1841506680959154,0.15327339909456786,0.14679766547627748,0.18822152632791797,0.16753850083107508,0.1600182401742436
0.18506893325208307,0.1525704441567061,0.145798549752358,0.18937024625660348,0.16754703172966037,0.1596447948525896
0.18598786634849146,0.15186707938148297,0.14480293586530088,0.19052146905178996,0.16755190518258917,0.1592687441703452
0.18690743141392344,0.15116333988714112,0.14381084455171642,0.19167515404756302,0.16755312034184233,0.15889010975781165
0.18782759240235927,0.15045926078181696,0.1428222962921847,0.19283126028931133,0.16755067673574137,0.15850891349858362
0.18874831319879243,0.14975487715814395,0.14183731130808028,0.19398974653973344,0.16754457426920047,0.1581251775260508
0.18966955762506557,0.14905022408785173,0.14085590955844318,0.19515057128490598,0.16753481322389363,0.15773892421984037
0.19059128944574233,0.14834533661638066,0.13987811073691886,0.19631369274044136,0.167521394258326,0.1573501762021906
0.19151347237396982,0.14764024975749243,0.13890393426874972,0.1974790688577006,0.16750431840781227,0.15695895633427615
0.1924360700773826,0.14693499848788896,0.13793339930782586,0.19864665733007508,0.16748358708436603,0.15656528771246034
0.19335904618401048,0.14622961774184534,0.13696652473379997,0.19981641559934699,0.16745920207649725,0.15616919366450194
0.19428236428819567,0.14552414240584632,0.13600332914926105,0.2009883008620899,0.16743116554890805,0.15577069774570143
0.1952059879565269,0.14481860731324192,0.13504383087697094,0.20216227007615697,0.16739948004211438,0.15536982373498867
0.19612988073377915,0.14411304723891524,0.13408804795716517,0.20333827996721107,0.16736414847196152,0.1549665956309676
0.19705400614885674,0.14340749689396404,0.13313599814491997,0.20451628703531502,0.16732517412904932,0.15456103764789425
0.19797832772074858,0.14270199092040303,0.1321876989075784,0.20569624756157945,0.16728256067807415,0.15415317421162017
0.19890280896447032,0.14199656388588144,0.13124316742224718,0.20687811761486197,0.1672363121570711,0.15374302995546713
0.19982741339703416,0.14129125027843575,0.13030242057336489,0.2080618530585193,0.1671864329765714,0.15333062971607703
0.20075210454338122,0.14058608450124058,0.12936547495032438,0.20924740955720356,0.16713292791866174,0.15291599852919086
0.20167684594233837,0.13988110086741062,0.12843234684517923,0.21043474258370415,0.1670758021359649,0.15249916162540622
0.20260160115255918,0.13917633359481188,0.12750305225040903,0.21162380742583572,0.16701506115051443,0.15208014442586903
0.20352633375845908,0.13847181680091064,0.1265776068567603,0.2128145591933725,0.16695071085256089,0.1516589725379399
0.20445100737612865,0.1377675844976424,0.1256560260511505,0.21400695282500387,0.16688275749926715,0.15123567175081068
0.205375585659256,0.1370636705863259,0.12473832491465346,0.21520094309534737,0.16681120771332958,0.1508102680310831
0.20630003230502744,0.13636010885259975,0.12382451822055392,0.21639648462198877,0.16673606848151318,0.15038278751831813
0.20722431105999553,0.135656932961395,0.122914620432462,0.21759353187253488,0.16665734715308153,0.14995325652053135
0.20814838572595448,0.13495417645194996,0.12200864570252164,0.21879203917173246,0.16657505143816564,0.14952170150967506
0.2090722201657834,0.13425187273285977,0.12110660786967865,0.2199919607085838,0.16648918940602403,0.14908814911706886
0.20999577830926708,0.13355005507716497,0.12020852045802378,0.2211932505434947,0.166399769483236,0.14865262612881297
0.21091902415889605,0.13284875661747958,0.11931439667521333,0.2223958626154535,0.1663068004517938,0.14821515948116343
0.2118419217956412,0.1321480103411666,0.11842424941096776,0.2235997507492153,0.16621029144712526,0.1477757762558815
0.2127644353847013,0.13144784908555898,0.1175380912356346,0.2248048686625187,0.16611025195602808,0.14733450367555648
0.21368652918121847,0.13074830553321543,0.11665593439884084,0.22601116997330326,0.16600669181451763,0.14689136909890532
0.21460816753596143,0.13004941220723934,0.11577779082820965,0.2272186082069466,0.16589962120560287,0.14644640001604473
0.21552931490098254,0.1293512014666291,0.11490367212815783,0.22842713680351082,0.1657890506569722,0.14599962404374542
0.21644993583523833,0.12865370550169944,0.11403358957877503,0.2296367091250014,0.16567499103861447,0.1455510689206695
0.21736999501016388,0.1279569563295304,0.11316755413476867,0.2308472784626139,0.16555745356034465,0.14510076250257942
0.21828945721521759,0.12726098578948952,0.1123055764244913,0.23205879804399995,0.16543644976926236,0.14464873275753684
0.21920828736338674,0.1265658255387982,0.11144766674905011,0.23327122104053694,0.16531199154713797,0.14419500776108984
0.22012645049664364,0.1258715070481519,0.11059383508148106,0.234484500574571,0.16518409110771243,0.14373961569143828
0.2210439117913669,0.12517806159740613,0.1097440910660128,0.2356985897266825,0.16505276099393448,0.1432825848245961
0.22196063656370932,0.12448552027131252,0.10889844401739934,0.23691344154292746,0.1649180140751171,0.1428239435295347
0.22287659027492102,0.12379391395531585,0.10805690292033228,0.2381290090420778,0.16477986354402663,0.1423637202633279
0.22379173853662815,0.12310327333141559,0.1072194764289324,0.2393452452228465,0.1646383229139015,0.14190194356627994
0.22470604711605416,0.1224136288740811,0.10638617286631301,0.24056210307109233,0.16449340601540308,0.14143864205705625
0.2256194819411979,0.12172501084624132,0.10555700022422797,0.2417795355670287,0.16434512699349504,0.140973844427809
