0,1,2,3,4,5
0.06545510492710861,0.15959820603428554,0.26703248314009936,0.34508717635072783,0.043688641428736005,0.1191383881190415
0.06616186336869448,0.16058217314444792,0.2668430039282436,0.344413789663193,0.04356505239515832,0.11843411750026475
0.06687504757004004,0.16156900719003073,0.2666482040744846,0.34373479344729735,0.0434410223199159,0.11773192539823456
0.06759469486531462,0.16255867174266284,0.2664480710035676,0.3430501958871167,0.04331655299649606,0.11703181350484224
0.06832084242768414,0.16355112967534216,0.26624259247451404,0.34236000559899693,0.0431916462621129,0.11633378356134681
0.0690535272611906,0.16454634315997835,0.2660317565864651,0.341664231636041,0.04306630399811486,0.11563783735821155
0.06979278619254371,0.16554427366506858,0.26581555178453353,0.34096288349254505,0.042940528130388025,0.11494397673491892
0.07053865586283588,0.1665448819535363,0.26559396686567427,0.3402559711084326,0.04281432062975179,0.11425220357976913
0.07129117271916606,0.16754812808068958,0.26536699098453204,0.3395435048736165,0.04268768351234853,0.11356251982964866
0.07205037300619177,0.16855397139235545,0.2651346136593131,0.33882549563232556,0.04256061884002921,0.11287492746978538
0.07281629275759892,0.16956237052315346,0.26489682477763954,0.3381019546874022,0.04243312872072979,0.1121894285334748
0.07358896778748979,0.17057328339492855,0.26465361460241243,0.33737289380453706,0.042305215308841584,0.1115060251017904
0.07436843368170193,0.17158666721534344,0.2644049737776555,0.33663832521646037,0.04217688080557543,0.11082471930326436
0.0751547257890473,0.17260247847663837,0.26415089333436537,0.3358982616270814,0.04204812745931767,0.11014551331355231
0.07594787921248382,0.17362067295455122,0.2638913646963389,0.3351527162155765,0.0419189575659788,0.10946840935507349
0.07674792880021239,0.17464120570741237,0.2636263796859993,0.3344017026404176,0.04178937346933418,0.10879340969662595
0.07755490913670658,0.17566403107541018,0.26335593053019773,0.333645235043346,0.04165937756135764,0.10812051665298066
0.0783688545336782,0.17668910268002977,0.263080009866006,0.33288332805328424,0.04152897228254513,0.10744973258445394
0.07918979902097349,0.17771637342367513,0.26279861074648697,0.33211599679017595,0.041398160122231555,0.10678105989645413
0.08001777633741056,0.17874579548947114,0.2625117266464372,0.331343256868773,0.04126694361889675,0.10611450103900574
0.08085281992155641,0.17977732034125252,0.2622193514681236,0.3305651244023531,0.041135325360465165,0.10545005850625128
0.0816949629024418,0.18081089872373268,0.26192147954696615,0.32978161600634154,0.041003307984593236,0.10478773483592649
0.08254423809022807,0.1818464806628795,0.2616181056572183,0.32899274880190416,0.04087089417894997,0.10412753260881914
0.08340067796681314,0.1828840154664724,0.2613092250176035,0.32819854041942986,0.0407380866814854,0.103469454448196
0.08426431467639153,0.18392345172485952,0.2609948332969137,0.3273990090019381,0.04060488828069071,0.10281350301921002
0.08513518001596254,0.1849647373119137,0.2606749266195792,0.3265941732084166,0.04047130181584688,0.10215968102828327
0.08601330542579695,0.18600781938619868,0.2603495015712018,0.32578405221707046,0.040337330177262966,0.10150799122246672
0.08689872197985875,0.18705264439233268,0.2600185552040326,0.32496866572849215,0.040202976306504865,0.10085843638877545
0.08779146037618442,0.18809915806255995,0.2596820850424207,0.32414803396871933,0.040068243196610905,0.10021101935349991
0.08869155092722833,0.18914730541854174,0.25934008908820405,0.3233221776922318,0.03993313389229756,0.0995657429814935
0.08959902355017339,0.19019703077335062,0.2589925658260546,0.3224911181848332,0.039797651490153,0.09892261017543409
0.09051390775720673,0.1912482777336882,0.2586395142287739,0.3216548772664438,0.03966179913881897,0.09828162387506706
0.09143623264577225,0.19230098920232103,0.2582809337625272,0.32081347729379533,0.039525580039161505,0.09764278705641895
0.09236602688879385,0.19335510738073092,0.257916824392028,0.319966941163028,0.039388997444427414,0.09700610273098965
0.09330331872487621,0.1944105737720009,0.2575471865856473,0.3191152923121641,0.03925205466038967,0.09637157394491974
0.09424813594848973,0.19546732918391319,0.2571720213204756,0.31825855472350495,0.039114755045479774,0.09573920377813512
0.09520050590013744,0.19652531373228702,0.2567913300873119,0.3173967529258883,0.038977102010907004,0.09510899534346856
0.09616045545651002,0.19758446684453734,0.2564051148955764,0.3165299119968587,0.03883909902076426,0.09448095178575187
0.09712801102063258,0.19864472726347593,0.25601337827816645,0.31565805756470855,0.03870074959211997,0.09385507628089602
0.098103198512005,0.19970603305133858,0.25561612329621775,0.31478121581040996,0.03856205729509797,0.09323137203493284
0.09908604335674065,0.20076832159404928,0.25521335354380753,0.3138994134694151,0.03842302575294126,0.0926098422830454
0.10007657047770802,0.2018315296057309,0.2548050731525683,0.31301267783335557,0.0382836586420632,0.09199049028857194
0.10107480428467641,0.20289559313344505,0.2543912867962077,0.31212103675160563,0.038143959692083756,0.091373319341981
0.10208076866447123,0.20396044756217815,0.2539719996949611,0.31122451863270634,0.03800393268585006,0.09075833275982947
0.10309448697114211,0.20502602762007643,0.25354721761994736,0.31032315244569086,0.03786358145944489,0.09014553388369861
0.10411598201614683,0.2060922673839131,0.2531169468974156,0.30941696772124594,0.03772290990217658,0.0895349260790992
0.10514527605855943,0.2071591002848139,0.2526811944129304,0.308505994552771,0.037581921956557435,0.08892651273436648
0.10618239079529841,0.2082264591142221,0.25223996761542805,0.30759026359726754,0.03744062161826291,0.08832029725952005
0.10722734735138485,0.20929427603011627,0.25179327452118583,0.3066698060761232,0.03729901293607847,0.08771628308511073
0.10828016627023551,0.21036248256347578,0.2513411237176894,0.30574465377573556,0.03715710001182835,0.08711447366103983
0.10934086750398907,0.2114310096249941,0.25088352436737826,0.30481483904798806,0.037014887000289085,0.08651487245536067
0.11040947040387725,0.2124997875120535,0.25042048621131247,0.30388039481060947,0.03687237810908825,0.08591748295305739
0.11148599371063701,0.21356874591593758,0.24995201957268612,0.3029413545473509,0.03672957759858328,0.08532230865479977
0.1125704555449747,0.2146378139293087,0.24947813536026098,0.30199775230804493,0.036586489781728224,0.08472935307568145
0.11366287339807958,0.2157069200539308,0.2489988450716535,0.30104962270848,0.0364431190239196,0.08413861974393368
0.11476326412220275,0.216775992208651,0.24851416079653263,0.30009700093016334,0.036299469742828175,0.0835501121996232
0.11587164392129191,0.217844957737632,0.24802409521965355,0.29913992271988576,0.03615554640821351,0.08296383399332284
0.11698802834169225,0.2189137434188396,0.24752866162381115,0.29817842438916947,0.0360113535417193,0.0823797886847712
0.11811243226292377,0.2199822754727792,0.24702787389261932,0.29721254281351717,0.03586689571665382,0.08179797984150594
0.11924486988852821,0.22105047957150523,0.2465217465131907,0.2962423154315406,0.035722177557752276,0.08121841103748219
0.1203853547370002,0.2221182808478491,0.246010294578668,0.2952677802438934,0.03557720374091986,0.08064108585166971
0.12153389963279741,0.22318560390493525,0.24549353379061395,0.29428897581205965,0.03543197899295995,0.08006600786663247
0.12269051669744627,0.22425237282593388,0.2449714804612755,0.2933059412569684,0.035286508091282365,0.07949318066709198
0.12385521734073338,0.22531851118406052,0.24444415151569168,0.29231871625744416,0.035140795863595045,0.07892260783847094
0.12502801225200386,0.2263839420528384,0.2439115644936653,0.29132734104849195,0.03499484718757688,0.07835429296542164
0.12620891139155044,0.2274485880166056,0.24337373755157468,0.2903318564194007,0.03484866699053301,0.0777882396303355
0.12739792398211963,0.2285123711812668,0.24283068946405484,0.2893323037116877,0.034702260249031266,0.07722445141183842
0.12859505850052724,0.22957521318530316,0.24228243962550833,0.2883287248168679,0.034555631988522094,0.07666293188327127
0.12980032266938196,0.23063703521101675,0.24172900805146982,0.2873211621740392,0.034408787282938016,0.07610368461115068
0.13101372344894419,0.2316977579960337,0.2411704153798121,0.28630965876731496,0.034261731254276444,0.07554671315362156
0.1322352670290922,0.23275730184502855,0.24060668287178769,0.2852942581230413,0.0341144690721631,0.07499202105888891
0.1334649588214358,0.23381558664171684,0.240037832412917,0.28427500430689195,0.03396700595339763,0.07443961186364148
0.13470280345154953,0.23487253186106913,0.23946388651370595,0.28325194192073216,0.033819347161480814,0.07388948909145943
0.13594880475135726,0.2359280565817649,0.23888486831020317,0.2822251160993433,0.03367149800612303,0.07334165625120849
0.1372029657516466,0.23698207949888078,0.23830080156437922,0.2811945725069365,0.033523463842734025,0.07279611683542388
0.13846528867474367,0.2380345189368179,0.2377117106643444,0.280160357333514,0.0333752500718952,0.07225287431868355
0.13973577492733455,0.2390852928624522,0.23711762062439962,0.2791225172910347,0.03322686213881266,0.0717119321559682
0.1410144250934402,0.2401343188985131,0.23651855708489145,0.27808109960939636,0.033078305532751685,0.07117329378101116
0.14230123892755922,0.24118151433718388,0.23591454631191697,0.2770361520322438,0.03292958578645376,0.07063696260464046
0.14359621534797554,0.2422267961539327,0.23530561519683965,0.27598772281260353,0.03278070847553504,0.07010294201311304
0.1448993524302305,0.24327008102154726,0.23469179125562012,0.2749358607083067,0.032631679217865056,0.06957123536643292
0.14621064740076878,0.24431128532439206,0.23407310262797565,0.2738806149772606,0.03248250367292928,0.06904184599667092
0.14753009663077815,0.24535032517287958,0.233449578076361,0.27282203537253535,0.0323331875411733,0.06851477720627466
0.14885769563019002,0.24638711641813318,0.23282124698474818,0.2717601721372376,0.03218373656332634,0.067990032266365
0.15019343904188412,0.2474215746668819,0.23218813935723912,0.2706950759992484,0.03203415651971089,0.06746761441503815
0.151537320636075,0.24845361529651502,0.23155028581648668,0.2696267981657427,0.03188445322953167,0.06694752685565317
0.15288933330489726,0.24948315347037195,0.23090771760192313,0.26855539031754383,0.031734632550146885,0.06642977275512087
0.15424946905719034,0.25051010415318875,0.2302604665678077,0.26748090460330304,0.03158470037632356,0.06591435524218488
0.1556177190134916,0.25153438212676055,0.2296085651810835,0.26640339363348525,0.03143466263947437,0.06540127740570441
0.15699407340121965,0.25255590200576167,0.22895204651903714,0.265322910474178,0.03128452530687658,0.06489054229292836
0.15837852155008794,0.2535745782537504,0.22829094426677546,0.26423950864073686,0.03113429438087488,0.06438215290777437
0.15977105188772717,0.2545903251993601,0.22762529271450915,0.2631532420912318,0.030983975898067066,0.06387611220910283
0.16117165193551938,0.25560305705263336,0.22695512675464238,0.26206416521974313,0.030833575928472665,0.06337242310899237
0.16258030830465994,0.25661268792153075,0.22628048187866637,0.2609723328494454,0.03068310057468392,0.06287108847101466
0.16399700669244963,0.257619131828605,0.22560139417386918,0.25987780022556195,0.03053255597100333,0.06237211110851342
0.16542173187880566,0.25862230272780357,0.22491790031984085,0.25878062300810745,0.03038194828256135,0.06187549378288249
0.1668544677230104,0.25962211452143935,0.2242300375847973,0.25768085726448436,0.03023128370442059,0.0613812392018486
0.1682951971606996,0.26061848107728275,0.22353784382169373,0.2565785594619008,0.030080568460664085,0.06088935001775636
0.1697439022010822,0.2616113162458073,0.22284135746416386,0.25547378645961727,0.029929808803466573,0.06039982882586172
0.17120056392440722,0.26260053387753857,0.22214061752224754,0.25436659550103097,0.02977901101215203,0.05991267816262375
