0,1,2,3,4,5
0.08082915542546129,0.16976891709731537,0.2754964447987627,0.31618580158470894,0.04405112159986125,0.11366855949388763
0.08075950097877174,0.170098836852086,0.27497128469490156,0.31684878320601667,0.04393950389347582,0.11338209037475165
0.08068968925548689,0.17042848829670415,0.2744459230032599,0.31751202655849486,0.04382803923886264,0.11309583364719278
0.08061972043629534,0.17075786781221605,0.27392036465117386,0.3181755279761206,0.04371672784814126,0.11280979127605074
0.08054959470700392,0.17108697178269422,0.27339461456577036,0.31883928378978793,0.043605569933262464,0.11252396522148204
0.08047931225852181,0.17141579659534495,0.2728686776738246,0.31950329032741587,0.04349456570599299,0.11223835743889732
0.08040887328684823,0.17174433864062372,0.2723425589016328,0.32016754391406893,0.0433837153779019,0.11195296987892096
0.08033827799305522,0.1720725943123423,0.27181626317486923,0.32083204087204825,0.04327301916034694,0.1116678044873376
0.08026752658327004,0.17240056000777787,0.27128979541844267,0.32149677752101075,0.04316247726445838,0.11138286320504263
0.08019661926866202,0.1727282321277843,0.2707631605563642,0.32216175017807347,0.04305208990112655,0.11109814796799056
0.08012555626542485,0.17305560707689838,0.2702363635116039,0.32282695515793464,0.042941857280987476,0.11081366070714915
0.08005433779476,0.17338268126345646,0.26970940920595887,0.32349238877296854,0.04283177961440854,0.11052940334844694
0.07998296408286035,0.17370945109969285,0.26918230255990483,0.3241580473333422,0.04272185711147415,0.11024537781272596
0.07991143536089075,0.17403591300185792,0.26865504849246524,0.3248239271471275,0.042612089981972516,0.10996158601568919
0.07983975186497451,0.17436206339032181,0.2681276519210653,0.3254900245204024,0.04250247843538153,0.1096780298678549
0.07976791383617451,0.17468789868968507,0.2676001177614062,0.32615633575737407,0.04239302268085506,0.10939471127450501
0.07969592152047206,0.17501341532888356,0.26707245092731147,0.32682285716048215,0.04228372292720937,0.10911163213563842
0.07962377516875514,0.1753386097413042,0.26654465633060115,0.327489585030508,0.04217457938290908,0.10882879434592173
0.07955147503679336,0.17566347836488333,0.2660167388809403,0.328156515666689,0.04206559225605367,0.10854619979463732
0.07947902138522493,0.17598801764221994,0.2654887034857152,0.3288236453668314,0.04195676175436461,0.10826385036564101
0.07940641447953475,0.17631222402068242,0.2649605550498854,0.3294909704274178,0.041848088085170314,0.10798174793730911
0.07933365459003663,0.17663609395251417,0.2644322984758467,0.3301584871437173,0.04173957145539524,0.10769989438249046
0.07926074199185375,0.17695962389494294,0.2639039386632961,0.33082619180990336,0.04163121207154366,0.10741829156846133
0.07918767696489983,0.17728281031028306,0.2633754805090915,0.3314940807191622,0.04152301013968824,0.10713694135687515
0.07911445979385827,0.17760564966604875,0.2628469289071198,0.3321621501638006,0.041414965865457065,0.10685584560371662
0.07904109076816407,0.17792813843505353,0.2623182887481447,0.3328303964353671,0.04130707945401823,0.10657500615925204
0.07896757018198192,0.17825027309551636,0.2617895649196874,0.33349881582475405,0.04119935111006988,0.10629442486798427
0.07889389833418727,0.17857205013117597,0.26126076230588174,0.3341674046223229,0.04109178103782436,0.10601410356860637
0.0788200755283459,0.17889346603138367,0.26073188578732903,0.334836159117993,0.04098436944099677,0.10573404409395096
0.07874610207269075,0.17921451729121465,0.2602029402409708,0.33550507560138626,0.04087711652279112,0.10545424827094647
0.07867197828010525,0.17953520041157425,0.2596739305399517,0.3361741503619113,0.04077002248588867,0.10517471792057033
0.0785977044680975,0.1798555118992962,0.2591448615534767,0.33684337968888856,0.04066308753243347,0.10489545485780352
0.07852328095878376,0.18017544826725654,0.25861573814668626,0.33751275987167056,0.04055631186402151,0.10461646089158248
0.07844870807886212,0.18049500603446275,0.2580865651805019,0.3381822871997346,0.0404496956816857,0.10433773782475435
0.0783739861595944,0.18081418172617136,0.25755734751150605,0.338851957962812,0.04034323918588518,0.10405928745403155
0.07829911553678187,0.1811329718739794,0.2570280899918039,0.3395217684509955,0.04023694257649145,0.1037811115699462
0.07822409655074491,0.1814513730159371,0.2564987974688805,0.34019171495485134,0.04013080605277714,0.10350321195680635
0.07814892954630008,0.18176938169664045,0.2559694747854726,0.34086179376553577,0.04002482981340218,0.10322559039264824
0.07807361487273572,0.18208699446734097,0.2554401267794288,0.3415320011749003,0.03991901405640123,0.10294824864919334
0.07799815288379179,0.18240420788603906,0.25491075828357934,0.34220233347561196,0.03981335897917288,0.10267118849180437
0.07792254393763652,0.18272101851759417,0.2543813741255976,0.3428727869612644,0.03970786477846618,0.10239441167944131
0.07784678839684207,0.18303742293381686,0.2538519791278698,0.34354335792648905,0.03960253165036786,0.10211791996461465
0.07777088662836139,0.1833534177135743,0.25332257810735787,0.34421404266706995,0.039497359790291606,0.10184171509334548
0.07769483900350593,0.1836689994428897,0.2527931758754661,0.3448848374800557,0.03939234939296457,0.10156579880511919
0.07761864589792117,0.18398416471503498,0.2522637772379107,0.34555573866386985,0.03928750065241551,0.10129017283284542
0.07754230769156346,0.18429891013064373,0.2517343869945873,0.3462267425184326,0.03918281376196381,0.10101483890281215
0.07746582476867289,0.1846132322977914,0.2512050099394289,0.34689784534525797,0.03907828891420551,0.10073979873464217
0.07738919751775537,0.1849271278321093,0.2506756508602886,0.34756904344758566,0.03897392630100344,0.10046505404125668
0.07731242633155133,0.18524059335687404,0.2501463145387953,0.3482403331304797,0.03886972611347345,0.1001906065288268
0.07723551160701597,0.18555362550310459,0.2496170057502295,0.3489117107009422,0.03876568854197399,0.09991645789673455
0.07715845374529202,0.18586622090966198,0.24908772926338685,0.34958317246803505,0.038661813776093804,0.09964260983753144
0.07708125315168586,0.18617837622334535,0.24855848984045062,0.35025471474298236,0.03855810200463962,0.0993690640368966
0.07700391023564261,0.18649008809898296,0.24802929223686238,0.3509263338392869,0.03845455341562583,0.09909582217359696
0.07692642541072094,0.18680135319953317,0.24750014120118932,0.3515980260728501,0.038351168196261234,0.0988228859194446
0.0768487990945656,0.18711216819617738,0.24697104147499505,0.3522697877620654,0.03824794653293884,0.0985502569392585
0.07677103170888609,0.18742252976841142,0.24644199779270995,0.35294161522794826,0.038144888611223136,0.09827793689082309
0.07669312367942632,0.18773243460414107,0.24591301488150233,0.35361350479423925,0.038041994615839896,0.09800592742484956
0.07661507543594245,0.18804187939977873,0.24538409746115683,0.3542854527875245,0.03793926473066434,0.09773423018493542
0.07653688741217378,0.18835086086033023,0.24485525024393126,0.3549574555373294,0.03783669913870848,0.0974628468075261
0.07645856004582006,0.18865937569949082,0.2443264779344483,0.3556295093762535,0.03773429802211222,0.09719177892187661
0.07638009377851215,0.18896742063973362,0.24379778522955045,0.35630161064006294,0.03763206156212963,0.09692102815001113
0.0763014890557867,0.1892749924124057,0.24326917681818538,0.35697375566781675,0.037529989939120295,0.09665059610668736
0.07622274632705948,0.18958208775781166,0.24274065738127487,0.35764594080196127,0.03742808333253538,0.09638048439935644
0.0761438660455999,0.18988870342531186,0.24221223159159178,0.3583181623884576,0.03732634192090947,0.09611069462812791
0.07606484866850144,0.1901948361734054,0.24168390411363336,0.3589904167768845,0.037224765881846936,0.09584122838573016
0.07598569465665697,0.1905004827698188,0.24115567960349327,0.3596627003205482,0.03712335539201257,0.09557208725747332
0.07590640447473046,0.19080563999159844,0.24062756270874402,0.3603350093765884,0.03702211062712048,0.0953032728212172
0.07582697859113101,0.191110304625197,0.24009955806831101,0.36100734030611104,0.03692103176192305,0.0950347866473302
0.07574741747798246,0.19141447346655702,0.23957167031234278,0.36167968947426554,0.03682011897019928,0.09476663029865326
0.07566772161110022,0.19171814332120354,0.23904390406210219,0.36235205325037717,0.03671937242474587,0.09449880533046975
0.07558789146996009,0.19202131100432432,0.23851626392982822,0.36302442800805307,0.03661879229736525,0.09423131329046582
0.07550792753767173,0.19232397334085813,0.23798875451863044,0.3636968101252874,0.036518378758855316,0.0939641557186965
0.0754278303009502,0.1926261271655782,0.23746138042235426,0.36436919598456785,0.03641813197899839,0.09369733414755062
0.07534760025008945,0.19292776932317598,0.23693414622546774,0.3650415819729918,0.036318052126552,0.09343085010172003
0.07526723787893198,0.1932288966683491,0.23640705650294147,0.36571396448237814,0.0362181393692367,0.0931647050981626
0.07518674368484331,0.19352950606587643,0.23588011582012738,0.36638633990935576,0.036118393873727214,0.09289890064606872
0.07510611816868042,0.19382959439070568,0.2353533287326408,0.3670587046554974,0.03601881580564101,0.09263343824683092
0.07502536183476655,0.1941291585280366,0.2348266997862445,0.3677310551274144,0.035919405329529135,0.0923683193940109
0.07494447519085894,0.19442819537339304,0.2343002335167233,0.3684033877368542,0.03582016260886477,0.09210354557330318
0.07486345874812464,0.19472670183271695,0.23377393444978295,0.3690756989008362,0.035721087806034,0.09183911826250933
0.07478231302110677,0.1950246748224309,0.2332478071009118,0.3697479850417242,0.03562218108232517,0.09157503893150179
0.07470103852769971,0.19532211126953666,0.23272185597528583,0.37042024258736433,0.03552344259791943,0.09131130904219509
0.07461963578911898,0.19561900811167593,0.23219608556764257,0.37109246797116846,0.035424872511880194,0.09104793004851598
0.07453810532987086,0.19591536229721804,0.23167050036216896,0.3717646576322303,0.03532647098214355,0.09078490339636834
0.0744564476777237,0.1962111707853351,0.23114510483238612,0.3724368080154357,0.03522823816550883,0.09052223052361055
0.07437466336368004,0.19650643054607572,0.23061990344104022,0.3731089155715566,0.03513017421762745,0.09025991286001887
0.07429275292194631,0.1968011385604437,0.23009490063998755,0.3737809767573651,0.03503227929299488,0.08999795182726347
0.07421071688990254,0.19709529182046917,0.22957010087007898,0.37445298803573107,0.0349345535449398,0.0897363488388756
0.07412855580807433,0.1973888873292909,0.22904550856105896,0.37512494587573747,0.034836997125615235,0.0894751053002229
0.07404627022010252,0.19768192210121754,0.22852112813144212,0.3757968467527718,0.03473961018598837,0.0892142226084792
0.0739638606727138,0.19797439316181126,0.22799696398841307,0.3764686871486345,0.034642392875831936,0.08895370215259683
0.07388132771568985,0.19826629754795494,0.22747302052771307,0.377140463551648,0.03454534534371337,0.0886935453132803
0.07379867190183954,0.19855763230792378,0.2269493021335343,0.37781217245675147,0.034448467736987176,0.08843375346295924
0.07371589378696866,0.19884839450145914,0.22642581317841265,0.37848381036560963,0.03435176020178555,0.08817432796576269
0.07363299392984726,0.1991385811998339,0.22590255802311385,0.3791553737867088,0.03425522288300679,0.08791527017749111
0.07354997289218164,0.19942818948592095,0.22537954101653104,0.3798268592354619,0.034158855924308895,0.08765658144559169
0.07346683123858724,0.1997172164542743,0.2248567664955895,0.38049826323431685,0.03406265946809981,0.08739826310913648
0.07338356953655169,0.20000565921117652,0.2243342387851201,0.3811695823128341,0.03396663365552736,0.08714031649879153
0.07330018835641057,0.20029351487472355,0.22381196219777683,0.3818408130078216,0.03387077862647112,0.08688274293679701
0.07321668827131488,0.20058078057488288,0.2232899410339203,0.3825119518634073,0.03377509451953411,0.08662554373694253
