0,1,2,3,4,5
0.3664645863924091,0.09453615168078608,0.12279108877115283,0.04390007628276882,0.09262024486294695,0.27968785200993623
0.3691389027393099,0.0943833573823487,0.12428112733821833,0.04435033828294978,0.09340134397250024,0.2744449302846714
0.37177744875455815,0.09421719202883289,0.12577074826590834,0.04479859266877734,0.09417516316292616,0.26926085511899545
0.37437973001871006,0.09403786492311142,0.1272596925033708,0.045244752148604496,0.09494155258175367,0.2641364078244507
0.37694528497354424,0.0938455920449459,0.12874770778439268,0.045688732511122376,0.09570037002508765,0.2590723126609046
0.37947368477165855,0.09364059564258843,0.13023454879174234,0.04613045265883504,0.09645148094261187,0.25406923719256325
0.3819645330695282,0.09342310382322049,0.13171997730413387,0.046569834634845125,0.09719475842827181,0.24912779274000169
0.38441746576635705,0.09319335014333022,0.13320376232597275,0.04700680364308703,0.09793008319710998,0.2442485349241433
0.38683215069107313,0.09295157320008805,0.13468568020006944,0.04744128806216029,0.09865734354874879,0.23943196429786012
0.389208287239933,0.09269801622473199,0.1361655147036052,0.04787321945293624,0.09937643531803485,0.2346785270607631
0.39154560596728566,0.09243292667893917,0.13764305712762426,0.04830253256011755,0.10008726181340677,0.22998861585262548
0.3938438681321467,0.09215655585511215,0.13911810634043414,0.04872916530796065,0.10078973374354623,0.2253625706208012
0.39610286520315513,0.0918691584814469,0.14059046883526818,0.04915305879035838,0.10148376913289889,0.22080067955687246
0.3983224183246972,0.09157099233262773,0.14205995876267336,0.04957415725551545,0.10216929322667155,0.2163031800978109
0.40050237774686587,0.0912623178469013,0.1435263979480634,0.04999240808544439,0.10284623838591365,0.21187025998681464
0.4026426222219606,0.09094339775026763,0.14498961589492448,0.05040776177051585,0.10351454397329964,0.2075020583890332
0.404743058370332,0.09061449668846122,0.1464494497742221,0.05082017187931763,0.1041741562302482,0.20319866705741793
0.4068036200181749,0.0902758808673179,0.14790574440051604,0.05122959502406421,0.10482502814599362,0.1989601315439311
0.4088242675100349,0.08992781770210863,0.14935835219536764,0.051635990821815796,0.10546711931924078,0.19478645245143356
0.4108049869986282,0.08957057547633673,0.15080713313861485,0.05203932185176005,0.10610039581302752,0.19067758672162965
0.41274578971462816,0.08920442301046555,0.1522519547081068,0.05243955360882051,0.10672483000341379,0.18663344895456588
0.4146467112188972,0.0888296293409623,0.1536926918084969,0.052836654453839574,0.10734040042259729,0.18265391275520254
0.41650781063975617,0.08844646341003044,0.15512922668972182,0.05323059556060605,0.10794709159707394,0.17873881210281117
0.41832916989760344,0.08805519376631504,0.1565614488557538,0.05362135085997118,0.10854489388140928,0.17488794273895014
0.42011089291933246,0.08765608827684764,0.15798925496427646,0.05400889698131403,0.10913380328821148,0.17110106357001897
0.4218531048447759,0.08724941385043002,0.1594125487178726,0.05439321319160042,0.10971382131485746,0.16737789808045914
0.4235559512273514,0.08683543617261916,0.1608312407473623,0.054774281332284985,0.11028495476751689,0.16371813575286423
0.4252195972310223,0.08641441945243165,0.16224524848787075,0.05515208575428763,0.11084721558299143,0.160121433491395
0.4268442268256093,0.08598662618084407,0.16365449604825752,0.05552661325128786,0.11140062064889028,0.1565874170451105
0.42843004198231244,0.08555231690112597,0.16505891407447748,0.055897852991558084,0.11194519162260536,0.153115682427919
0.4299772618713107,0.08511174999099955,0.16645843960745887,0.05626579644855546,0.11248095474957237,0.14970579733210185
0.43148612206311043,0.08466518145659516,0.16785301593606863,0.05663043733048959,0.11300794068124453,0.14635730253249074
0.4329568737353098,0.08421286473812947,0.16924259244571277,0.056991771509067785,0.11352618429320759,0.14306971327857498
0.43438978288625163,0.08375505052720451,0.17062712446311268,0.05734979694761376,0.11403572450383637,0.1398425206719816
0.43578512955703597,0.08329198659560165,0.17200657309778083,0.05770451362875262,0.11453660409386646,0.13667519302696654
0.43714320706314064,0.08282391763540475,0.17338090508068812,0.05805592348183568,0.11502886952723318,0.13356717721169958
0.438464321236967,0.08235108511028391,0.17475009260061683,0.05840403031028375,0.11551257077351829,0.1305178999683289
0.4397487896823467,0.08187372711772212,0.1761141131386656,0.05874883971900332,0.11598776113230104,0.12752676920996128
0.4409969410420793,0.08139207826197345,0.17747294930133578,0.05909035904203233,0.1164544970597134,0.12459317529286736
0.442209114279458,0.08090636953749708,0.17882658865265086,0.059428597270560664,0.11691283799745154,0.12171649226238049
0.4433856579745934,0.08041682822262482,0.1801750235456847,0.05976356498146064,0.11736284620450588,0.11889607907112863
0.4445269296363003,0.0799236777831715,0.18151825095390695,0.060095274266448014,0.1178045865918075,0.11613128076836468
0.4456332950302312,0.07942713778571425,0.18285627230269227,0.06042373866199969,0.1182381265600155,0.11342142965934707
0.44670512752385383,0.07892742382024291,0.18418909330134287,0.06074897308013026,0.11866353584061261,0.11076584643382227
0.44774280744873624,0.07842474743186943,0.1855167237759412,0.06107099374013027,0.11908088634048282,0.10816384126283714
0.4487467214806631,0.07791931606129848,0.1868391775033513,0.06138981810136088,0.11949025199010666,0.10561471486322037
0.4497172620378112,0.0774113329937179,0.18815647204661248,0.06170546479717904,0.11989170859549898,0.10311775952918192
0.4506548266974173,0.07690099731581138,0.189468628592033,0.06201795357008468,0.12028533369400812,0.10067226013064345
0.45155981763107994,0.07638850388055216,0.19077567178818278,0.06232730520814291,0.12067120641406201,0.09827749507798124
0.45243264105884434,0.07587404327945016,0.1920776295870421,0.06263354148275296,0.1210494073389289,0.09593273725298154
0.45327370672225786,0.07535780182193887,0.1933745330874849,0.0629366850878118,0.1214200183745761,0.09363725490593117
0.4540834273763572,0.07483996152155595,0.19466641638128904,0.0632367595803228,0.1217831226216497,0.09139031251882462
0.45486221830063334,0.07432070008860725,0.19595331640185962,0.06353378932248807,0.12213880425162578,0.08919117163478521
0.45561049682890814,0.07380019092898499,0.19723527277578196,0.06382779942532121,0.12248714838714503,0.08703909165385865
0.45632868189802495,0.07327860314882281,0.19851232767737673,0.06411881569380584,0.12282824098654177,0.08493333059542955
0.45701719361521764,0.07275610156466968,0.19978452568634578,0.0644068645736245,0.12316216873257041,0.08287314582757033
0.45767645284398667,0.07223284671888361,0.20105191364863856,0.0646919730994775,0.1234890189253073,0.08085779476370701
0.45830688080824517,0.07170899489992161,0.20231454054060197,0.06497416884499896,0.1238088793792123,0.07888653552701701
0.45890889871452784,0.0711846981672551,0.20357245733652532,0.06525347987428481,0.12412183832432372,0.07695862758308032
0.45948292739195745,0.07066010438059292,0.20482571687960502,0.06552993469502881,0.1244279843115276,0.07507333234128637
0.4600293869496765,0.07013535723314751,0.20607437375641546,0.06580356221327129,0.12472740612188087,0.07322991372560707
0.46054869645143554,0.06961059628866195,0.20731848417489876,0.06607439168975558,0.12502019267991546,0.0714276387153328
0.46104127360696395,0.06908595702192559,0.2085581058459264,0.06634245269788026,0.12530643297087066,0.06966577785643298
0.461507534479789,0.0685615708625278,0.2097932978684307,0.0666077750832402,0.1255862159617875,0.06794360574422638
0.46194789321109797,0.06803756524159094,0.21102412061812093,0.06687038892473797,0.12585963052639035,0.06626040147805995
0.46236276175927044,0.06751406364124114,0.21225063563980773,0.06713032449725473,0.12612676537369355,0.06461544908873382
0.46275254965464674,0.06699118564658756,0.2134729055432769,0.06738761223585056,0.12638770898022925,0.06300803793940933
0.4631176637691553,0.0664690469999795,0.21469099390275959,0.06764228270148374,0.1266425495258461,0.06143746310077785
0.4634585081003371,0.06594775965732812,0.21590496515991806,0.06789436654821558,0.12689137483296203,0.059903025701238774
0.4637754835693664,0.06542743184628265,0.2171148845303646,0.06814389449188171,0.12713427230920998,0.05840403325289618
0.46406898783260403,0.0649081681260663,0.21832081791363925,0.06839089728019421,0.12737132889336003,0.05693979995413325
0.464339415106292,0.06439006944878112,0.2195228318066385,0.06863540566425717,0.1276026310044519,0.055509646969575555
0.4645871560038792,0.06387323322199416,0.22072099322042407,0.06887745037145174,0.12782826449403079,0.05411290268821616
0.4648125973856283,0.06335775337244384,0.2219153696003733,0.06911706207966979,0.12804831460138424,0.052748902960500804
0.4650161222199757,0.06284372041069185,0.2231060287496129,0.06935427139285691,0.1282628659117115,0.05141699131514955
0.46519810945629986,0.062331221496573296,0.2242930387556847,0.06958910881783852,0.1284720023171041,0.05011651915649896
0.4653589339085692,0.061820340505289395,0.22547646792037632,0.06982160474238643,0.12867580698025505,0.04884684594312859
0.46549896614952657,0.061311158094010214,0.22665638469263133,0.07005178941449765,0.12887436230080043,0.04760733934853575
0.4656185724149477,0.06080375176885161,0.22783285760453537,0.07027969292285255,0.12906774988420655,0.04639737540461185
0.46571811451753187,0.06029819595210231,0.22900595521021974,0.07050534517840819,0.12925605051308356,0.045216338628650196
0.4657979497701065,0.05979456204958892,0.23017574602770619,0.07072877589710395,0.12943934412087268,0.04406362213462341
0.4658584309175834,0.05929291851805723,0.23134229848352397,0.07095001458363037,0.12961770976777434,0.0429386277294291
0.46589990607747667,0.05879333093248494,0.23250568086012643,0.07116909051624273,0.12979122561885784,0.04184076599481085
0.4659227186883924,0.058295862053213285,0.2336659612459483,0.07138603273256605,0.12995996892424752,0.040769456355631915
0.4659272074662663,0.05780057189281726,0.23482320748807528,0.07160087001637475,0.13012401600130138,0.03972412713516682
0.4659137063678748,0.05730751778262731,0.2359774871474428,0.07181363088529694,0.1302834422187009,0.038704215598059255
0.4658825445613348,0.05681675443882749,0.2371288674564772,0.07202434357942095,0.13043832198235686,0.037709167981581804
0.46583404640318804,0.056328334028056204,0.23827741527912266,0.07223303605076324,0.1305887287230651,0.03673843951580461
0.4657685314217422,0.055842306232446216,0.23942319707315637,0.07243973595356805,0.13073473488581655,0.035791494433275894
0.465686314306357,0.05535871831403705,0.24056627885472628,0.0726444706354033,0.1308764119206874,0.03486780596878761
0.46558770490235046,0.0548776151785158,0.2417067261650702,0.07284726712902717,0.1310138302752449,0.03396685634979145
0.46547300821115717,0.05439903943822165,0.2428446040392635,0.07304815214498202,0.13114705938837098,0.03308813677800072
0.46534252439553525,0.05392303147437687,0.2439799769770215,0.07324715206489896,0.13127616768545627,0.032231147402708646
0.46519654878943595,0.05344962949850044,0.245112908915393,0.07344429293547133,0.13140122257487488,0.031395397286324886
0.4650353719123149,0.05297886961296511,0.2462434632033489,0.0736396004630734,0.13152229044568078,0.03058040436261719
0.4648592794876014,0.05251078587066691,0.2473717025781427,0.07383310000899572,0.13163943666646427,0.02978569538813388
0.4646685524650239,0.052045410333770914,0.24849768914340425,0.074024816585264,0.13175272558528905,0.029010805887250305
0.4644634670466153,0.05158277313151821,0.24962148434889267,0.0742147748510223,0.13186222053066893,0.02825528009128374
0.4642442947160728,0.05112290251705775,0.2507431489718309,0.07440299910944574,0.13196798381350439,0.027518670872086447
0.4640113022713062,0.05066582492329286,0.2518627430997806,0.07458951330516254,0.13207007672993773,0.026800539670521695
