0,1,2,3,4,5
0.15733619316714986,0.1546716801770001,0.17277500561347184,0.16651592302438215,0.17080918578103216,0.17789201223696394
0.15832459864222045,0.15593017068976492,0.17213234298102992,0.16655412180382348,0.17038111282411264,0.17667765305904815
0.15931487070248332,0.15719392406273058,0.1714873842484853,0.16658705279000238,0.16994962644569575,0.17546714175060193
0.16030696182125076,0.1584628983186434,0.1708401685473667,0.1666147086060684,0.16951475327128268,0.1742605094353857
0.16130082411064312,0.15973705071068686,0.17019073528936035,0.16663708255559026,0.16907652034114182,0.1730577869925768
0.16229640932990647,0.16101633772757148,0.16953912415966702,0.16665416862563917,0.1686349551063893,0.17185900505082896
0.1632936688938622,0.16230071509887384,0.16888537511026394,0.16666596148967808,0.16819008542494562,0.17066419398238067
0.1642925538815079,0.16359013780062295,0.1682295283530611,0.16667245651026003,0.16774193955735398,0.1694733838971958
0.16529301504475133,0.16488456006113802,0.16757162435296946,0.16667364974152477,0.16729054616247419,0.16828660463714426
0.16629500281727433,0.16618393536709586,0.16691170382086176,0.16666953793149675,0.16683593429303312,0.16710388577023932
0.1672984673235354,0.16748821646986714,0.16624980770644876,0.16666011852418192,0.16637813339105803,0.16592525658490764
0.16830335838789973,0.16879735539207213,0.16558597719106716,0.1666453896614635,0.16591717328317582,0.1647507460843201
0.16930962554388773,0.1701113034343906,0.16492025368037358,0.1666253501847894,0.16545308417578725,0.16358038298077154
0.17031721804355257,0.17143001118260262,0.16425267879695735,0.16659999963665906,0.1649858966501116,0.16241419569011223
0.17132608486697531,0.17275342851487976,0.16358329437287883,0.16656933826190015,0.16451564165711863,0.16125221232624729
0.17233617473186635,0.17408150460928734,0.16291214244210714,0.16653336700873406,0.16404235051232555,0.16009446069567695
0.17334743610329317,0.1754141879515498,0.16223926523291055,0.16649208752963882,0.16356605489048287,0.1589409682921261
0.1743598172035012,0.17675142634301722,0.16156470516014587,0.16644550218199533,0.16308678682013525,0.15779176229121036
0.1753732660218447,0.17809316690887872,0.16088850481749403,0.16639361402852537,0.1626045786780719,0.15664686954518586
0.17638773032482444,0.17943935610659698,0.16021070696962492,0.1663364268375204,0.1621194631836598,0.15550631657777403
0.1774031576662053,0.18078993973455698,0.15953135454429515,0.1662739450828478,0.16163147339305944,0.15437012957903717
0.17841949539724364,0.18214486294094379,0.15885049062437878,0.1662061739437559,0.1611406426933363,0.15323833440034318
0.1794366906769895,0.1835040702328311,0.15816815843985216,0.16613311930445435,0.16064700479646213,0.15211095654940998
0.18045469048268428,0.18486750548548778,0.15748440135971364,0.1660547877534927,0.1601505937332074,0.15098802118541682
0.18147344162022483,0.1862351119518851,0.15679926288385207,0.16597118658290752,0.15965144384693072,0.1498695531141984
0.18249289073472352,0.18760683227242222,0.15611278663487063,0.16588232378717915,0.15914958978726926,0.14875557678353782
0.1835129843211132,0.18898260848484066,0.15542501634985748,0.16578820806194558,0.15864506650372298,0.1476461162785183
0.18453366873484944,0.19036238203435532,0.1547359958721246,0.16568884880253187,0.1581379092391525,0.14654119531698642
0.18555489020264976,0.19174609378395935,0.15404576914289334,0.1655842561022378,0.15762815352316917,0.14544083724508647
0.18657659483331177,0.19313368402494477,0.15335438019295905,0.16547444075043857,0.15711583516544483,0.14434506503290415
0.1875987286285646,0.19452509248757877,0.15266187313430715,0.1653594142304464,0.15660099024892388,0.14325390127018067
0.1886212374939957,0.19592025835199922,0.1519682921517156,0.1652391887171859,0.15608365512295588,0.14216736816214565
0.1896440672500041,0.19731912025926443,0.15127368149432283,0.16511377707463834,0.15556386639633993,0.141085487525433
0.1906671636427973,0.19872161632257634,0.15057808546717,0.16498319285308302,0.15504166093028418,0.14000828078409402
0.191690472355427,0.20012768413869103,0.14988154842273457,0.1648474502861301,0.15451707583129554,0.1389357689657233
0.19271393901886455,0.20153726079948361,0.14918411475244234,0.16470656428754438,0.15399014844399198,0.1378679726976745
0.19373750922308855,0.20295028290366704,0.14848582887816344,0.16456055044785947,0.15346091634383124,0.13680491220338972
0.19476112852820293,0.20436668656868112,0.14778673524370958,0.1644094250307885,0.152929417329789,0.13574660729882596
0.19578474247557542,0.20578640744272406,0.1470868783063186,0.16425320496943097,0.1523956894169532,0.13469307738899616
0.19680829659898175,0.2072093807169307,0.1463863025281391,0.16409190786227307,0.15185977082906268,0.1336443414646153
0.19783173643576143,0.20863554113768676,0.1456850523677188,0.163925551968992,0.15132169999098516,0.1326004180988536
0.19885500753798924,0.2100648230190998,0.14498317227150007,0.1637541562060593,0.1507815155211415,0.13156132544421326
0.19987805548361734,0.21149716025556536,0.14428070666531267,0.16357774014214213,0.15023925622385925,0.13052708122950119
0.2009008258876472,0.21293248633449824,0.14357769994590153,0.163396323993321,0.14969496108170266,0.12949770275692893
0.20192326441326186,0.2143707343491465,0.14287419647244198,0.16320992861809785,0.14914866924772555,0.128473206899324
0.20294531678296013,0.21581183701155068,0.14217024055810176,0.1630185755122308,0.1486004200377003,0.12745361009745593
0.20396692878966702,0.21725572666558826,0.14146587646160258,0.16282228680336375,0.14805025292229912,0.12643892835748075
0.2049880463078151,0.21870233530014055,0.14076114837882636,0.16262108524548402,0.14749820751923012,0.12542917724850589
0.2060086153044069,0.2201515945623435,0.14005610043443767,0.16241499421318759,0.14694432358535076,0.12442437190027392
0.20702858185003503,0.22160343577094177,0.13935077667354942,0.1622040376957685,0.14638864100874388,0.12342452700096507
0.20804789212986877,0.22305778992971168,0.13864522105341345,0.16198824029112302,0.14583119980075762,0.12242965679512241
0.20906649245459927,0.22451458774099864,0.13793947743516868,0.16176762719949037,0.1452720400880404,0.12143977508170116
0.21008432927133158,0.2259737596192848,0.13723358957560838,0.16154222421700742,0.14471120210453053,0.12045489521223392
0.21110134917443413,0.2274352357048657,0.13652760111901965,0.16131205772910687,0.144148726183447,0.11947503008912945
0.21211749891632004,0.22889894587756127,0.13582155558904624,0.16107715470373604,0.14358465274925172,0.11850019216408432
0.2131327254181859,0.23036481977051482,0.13511549638063194,0.1608375426844276,0.1430190223096127,0.11753039343663024
0.2141469757806636,0.23183278678400546,0.13440946675199583,0.16059324978319692,0.14245187544734447,0.11656564545279315
0.21516019729442792,0.23330277609934294,0.1337035098166817,0.1603443046732933,0.14188325281235964,0.11560595930389199
0.21617233745070494,0.234774716692781,0.13299766853566383,0.16009073658179024,0.1413131951136053,0.11465134562545197
0.2171833439517252,0.23624853734946646,0.13229198570952025,0.1598325752820332,0.14074174311100798,0.11370181459624702
0.21819316472107778,0.23772416667742383,0.13158650397067176,0.15956985108593635,0.1401689376074253,0.11275737593746624
0.21920174791398964,0.23920153312155706,0.13088126577569756,0.1593025948361403,0.1395948194405988,0.11181803891201379
0.2202090419275197,0.24068056497767473,0.13017631339772037,0.1590308378980322,0.13901942947512871,0.11088381232392658
0.2212149954106297,0.24216119040650969,0.12947168891887093,0.15875461215162706,0.13844280859445068,0.10995470451791343
0.22221955727420162,0.24364333744775635,0.12876743422283154,0.15847394998332315,0.1378649976928491,0.10903072337903842
0.22322267670091642,0.2451269340341121,0.1280635909874671,0.15818888427752661,0.13728603766746983,0.10811187633250939
0.22422430315504394,0.24661190800529,0.12736020067753012,0.15789944840815687,0.13670596941037577,0.10719817034360193
0.2252243863921248,0.2480981871220398,0.1266573045374732,0.15760567623003255,0.13612483380062365,0.10628961191771022
0.22622287646852254,0.24958569908013473,0.1259549435843296,0.1573076020701359,0.13554267169636625,0.10538620710051186
0.22721972375088867,0.25107437152434925,0.12525315860070738,0.15700526071878176,0.13495952392700397,0.10448796147827082
0.228214878925482,0.2525641320623882,0.12455199012786604,0.1566986874206628,0.13437543128535323,0.10359488017825019
0.22920829300736995,0.2540549082787946,0.12385147845889892,0.15638791786580333,0.13379043451987419,0.10270696786925897
0.2301999173495157,0.25554662774881015,0.12315166363201238,0.1560729881804141,0.13320457432693258,0.1018242287623147
0.23118970365172184,0.25703921805218594,0.12245258542390962,0.15575393491765,0.1326178913431058,0.10094666661142714
0.23217760396944567,0.25853260678694684,0.12175428334327816,0.1554307950482792,0.13203042613754473,0.10007428471450718
0.23316357072247798,0.26002672158308626,0.12105679662438935,0.1551036059512699,0.13144221920438529,0.0992070859143923
0.23414755670348428,0.26152149011621567,0.12036016422080052,0.1547724054042928,0.1308533109552127,0.09834507259999295
0.23512951508640775,0.263016840121128,0.11966442479917364,0.15443723157415268,0.13026374171158872,0.097488246707554
0.23610939943470818,0.2645126994052881,0.11896961673320276,0.15409812300713702,0.12967355169763026,0.09663660972203604
0.23708716370948488,0.2660089958622597,0.11827577809766397,0.15375511861931293,0.12908278103266585,0.09579016267861057
0.2380627622774279,0.2675056574850266,0.11758294666257631,0.15340825768674846,0.12849146972394546,0.09494890616427507
0.23903614991860886,0.26900261237923706,0.11689115988748115,0.15305757983567717,0.12789965765942377,0.09411284031957082
0.240007281834149,0.2704997887763496,0.11620045491584541,0.152703125032615,0.12730738460061564,0.09328196484042482
0.24097611365369592,0.27199711504668134,0.11551086856958577,0.15234493357441792,0.12671469017552342,0.09245627898009706
0.24194260144275961,0.2734945197123463,0.1148224373437141,0.15198304607830365,0.12612161387164147,0.09163578155123493
0.2429067017098877,0.27499193146009204,0.11413519740111228,0.15161750347182573,0.12552819502903967,0.09082047092804316
0.24386837141366233,0.2764892791540144,0.11344918456742592,0.15124834698281167,0.1249344728335281,0.0900103450485542
0.24482756796955585,0.27798649184816365,0.11276443432609608,0.15087561812927514,0.12434048630990288,0.0892054014170069
0.245784249256587,0.2794834987990132,0.11208098181350533,0.15049935870928863,0.1237462743152782,0.08840563710632666
0.24673837362384254,0.2809802294778188,0.11139886181427036,0.1501196107908452,0.12315187553250917,0.08761104876071243
0.24768989989680293,0.28247661358283155,0.11071810875665042,0.14973641670169596,0.12255732846370021,0.08682163259831893
0.24863878738350714,0.2839725810513821,0.11003875670809572,0.14934981901916858,0.12196267142380739,0.08603738441404127
0.24958499588054495,0.28546806207182557,0.10936083937092637,0.14895986055998134,0.12136794253433077,0.08525829958239253
0.2505284856788697,0.2869629870953379,0.1086843900781448,0.14856658437005135,0.12077317971711145,0.08448437306048547
0.25146921756943896,0.28845728684757327,0.10800944178938209,0.14817003371429566,0.12017842068821535,0.08371559939109753
0.25240715284867477,0.2899508923401555,0.1073360270869781,0.14777025206644048,0.11958370295192029,0.08295197270583243
0.2533422533237549,0.29144373488203756,0.10666417817219731,0.14736728309883002,0.11898906379480746,0.08219348672837408
0.2542744813177124,0.2929357460906736,0.105993926861582,0.14696117067225614,0.11839454027995162,0.08144013477782427
0.25520379967436435,0.29442685790306156,0.10532530458344026,0.146551958825791,0.11780016924121305,0.08069190977212835
0.2561301717630654,0.2959170025865894,0.10465834237446903,0.1461396917666476,0.11720598727764141,0.07994880423158574
