0,1,2,3,4,5
0.45557623519684665,0.07761876093735078,0.19652547948403626,0.06167063038249033,0.12514445631836313,0.08346443768091068
0.4557964938784059,0.0769604540102061,0.19699140529213127,0.06202734247392218,0.12490340755858567,0.08332089678674956
0.45601304843936413,0.0763068832600333,0.19745607436345977,0.06238537516740827,0.12466160968645225,0.08317700908328259
0.45622591170524773,0.07565802589093414,0.19791947902206625,0.06274472999780947,0.12441907335461465,0.08303278002932936
0.45643509658551124,0.07501385904968114,0.19838161163587212,0.06310540849046697,0.12417580917792226,0.08288821506054396
0.45664061607135803,0.07437435982896554,0.19884246461654162,0.063467412161058,0.12393182773284574,0.08274331958923081
0.4568424832335567,0.0737395052705975,0.19930203041932829,0.06383074251544547,0.12368713955691149,0.08259809900415724
0.45704071122031925,0.07310927236866874,0.19976030154294128,0.0641954010495327,0.12344175514815785,0.08245255867037958
0.45723531325516165,0.07248363807266614,0.200217270529394,0.0645613892491133,0.12319568496459468,0.0823067039290692
0.457426302634826,0.07186257929054946,0.20067292996387381,0.0649287085897207,0.12294893942368515,0.08216054009734662
0.45761369272719127,0.07124607289177826,0.20112727247459455,0.06529736053647629,0.12270152890183743,0.0820140724681196
0.457797496969244,0.07063409571030507,0.2015802907326683,0.06566734654394,0.12245346373391292,0.0818673063099295
0.45797772886502974,0.07002662454751556,0.202031977451964,0.06603866805595435,0.12220475421273884,0.0817202468667951
0.4581544019836765,0.06942363617513678,0.20248232538896993,0.06641132650549425,0.12195541058864784,0.0815728993580722
0.4583275299573939,0.06882510733809621,0.20293132734267214,0.0667853233145091,0.12170544306902058,0.08142526897830862
0.458497126479525,0.06823101475734106,0.20337897615441292,0.06716065989376949,0.12145486181784106,0.08127736089710941
0.45866320530261895,0.0676413351326164,0.20382526470777,0.06753733764271194,0.12120367695527524,0.08112918025900655
0.4588257802365211,0.06705604514520001,0.20427018592842436,0.06791535794928001,0.12095189855724627,0.08098073218333067
0.458984865146475,0.0664751214605963,0.20471373278403662,0.06829472218976897,0.12069953665503506,0.08083202176408948
0.4591404739512751,0.06589854073119109,0.20515589828412512,0.06867543172866622,0.12044660123488965,0.08068305406985227
0.45929262062142023,0.06532627959886195,0.2055966754799441,0.06905748791849524,0.12019310223764372,0.08053383414363631
0.4594413191772891,0.06475831469754935,0.2060360574643617,0.06944089209965267,0.11993904955834984,0.0803843670027967
0.4595865836873597,0.06419462265578764,0.20647403737174896,0.06982564560025159,0.11968445304592533,0.0802346576389264
0.4597284282664286,0.0636351800991944,0.20691060837785907,0.07021174973596017,0.11942932250280658,0.08008471101775357
0.45986686707385577,0.0630799636529213,0.2073457636997152,0.07059920580983986,0.11917366768461762,0.07993453207904849
0.46000191431186166,0.06252894994406437,0.20777949659550563,0.07098801511218701,0.1189174982998524,0.0797841257365327
0.4601335842237853,0.06198211560403135,0.2082118003644656,0.07137817892036702,0.11866082400956049,0.07963349687778999
0.4602618910924441,0.06143943727087797,0.20864266834678205,0.07176969849865573,0.11840365442705282,0.07948265036418715
0.46038684923844136,0.06090089159159507,0.2090720939234796,0.0721625750980756,0.1181459991176135,0.07933159103079328
0.46050847301854575,0.0603664552243648,0.20950007051632788,0.07255680995623273,0.11788786759822303,0.07918032368630594
0.46062677682406633,0.05983610484077239,0.20992659158773583,0.07295240429715313,0.11762926933729327,0.07902885311297957
0.4607417750792655,0.059309817127984624,0.21035165064065853,0.07334935933112109,0.1173702137544126,0.07887718406655919
0.46085348223977973,0.05878756879088708,0.21077524121850108,0.07374767625451331,0.11711071022010183,0.07872532127621859
0.460961912791075,0.0582693365541838,0.21119735690502883,0.07414735624963632,0.11685076805557791,0.07857326944449823
0.46106708124691326,0.0577550971644614,0.21161799132427692,0.07454840048456152,0.11659039653253221,0.07842103324725169
0.46116900214784967,0.05724482739221531,0.212037138140464,0.07495081011296206,0.11632960487291703,0.07826861733359275
0.46126769005973095,0.05673850403383519,0.21245479105790435,0.07535458627394596,0.11606840224873775,0.07811602632584551
0.4613631595722484,0.05623610391356222,0.212870943820933,0.0757597300918945,0.11580679778186077,0.07796326481950168
0.4614554252974738,0.055737603885401416,0.21328559021382143,0.07616624267629524,0.11554480054383,0.07781033738317676
0.46154450186845747,0.055242980835004465,0.2136987240607025,0.07657412512157898,0.11528241955568931,0.0776572485585726
0.4616304039377934,0.05475221168151075,0.2141103392254914,0.07698337850695176,0.11501966378781331,0.0775040028604393
0.4617131461762644,0.054265273379360934,0.21452042961182843,0.07739400389623491,0.11475654215975846,0.07735060477654948
0.46179274327146735,0.053782142920068256,0.21492898916299652,0.07780600233769783,0.11449306354010774,0.07719705876766335
0.46186920992645536,0.05330279733395825,0.21533601186185675,0.07821937486389177,0.11422923674633202,0.07704336926750413
0.46194256085844076,0.05282721369187503,0.2157414917307914,0.07863412249148823,0.1139650705446656,0.07688954068273805
0.4620128107974687,0.05235536910685085,0.21614542283163993,0.07905024622111226,0.11370057364997464,0.07673557739295225
0.4620799744851425,0.051887240735745084,0.21654779926563975,0.07946774703717983,0.1134357547256541,0.07658148375063796
0.4621440666733604,0.05142280578084765,0.21694861517337044,0.07988662590773304,0.113170622383513,0.07642726408117806
0.46220510212305665,0.05096204149144806,0.2173478647347024,0.0803068837842754,0.11290518518368432,0.07627292268283303
0.46226309560299234,0.05050492516537686,0.2177455421687501,0.08072852160161008,0.11263945163453304,0.07611846382673647
0.4623180618885333,0.05005143415050867,0.21814164173381873,0.08115154027767507,0.11237343019257479,0.07596389175688668
0.46237001576046866,0.049601545846237965,0.21853615772736482,0.08157594071338065,0.1121071292624042,0.07580921069014358
0.46241897200382953,0.04915523770491824,0.21892908448594658,0.08200172379244651,0.11184055719662749,0.07565442481623007
0.46246494540675454,0.04871248723327547,0.21932041638519598,0.08242889038123932,0.11157372229580517,0.0754995382977321
0.4625079507593266,0.0482732719937855,0.2197101478397728,0.08285744132861178,0.11130663280840157,0.07534455527010432
0.46254800285248904,0.04783756960602357,0.22009827330333587,0.08328737746573887,0.11103929693073882,0.07518947984167754
0.46258511647691886,0.04740535774798242,0.22048478726850948,0.08371869960595896,0.11077172280696533,0.07503431609366601
0.4626193064219647,0.04697661415736093,0.22086968426685624,0.08415140854461231,0.11050391852902006,0.07487906808018253
0.4626505874745749,0.04655131663282157,0.22125295886885324,0.08458550505888147,0.11023589213661768,0.0747237398282491
0.46267897441824535,0.046129443035220534,0.22163460568386306,0.08502098990763067,0.10996765161722247,0.07456833533781584
0.46270448203199943,0.045710971288806676,0.22201461936012065,0.08545786383124625,0.10969920490604958,0.07441285858177797
0.4627271250893685,0.04529587938239349,0.22239299458470932,0.08589612755148199,0.10943055988605405,0.07425731350599578
0.46274691835739545,0.044884145370502226,0.2227697260835468,0.08633578177129554,0.1091617243879382,0.0741017040293193
0.4627638765956683,0.044475747374475925,0.22314480862138297,0.0867768271746978,0.10889270619016336,0.07394603404361287
0.46277801455533,0.044070663583566524,0.22351823700177328,0.0872192644265896,0.1086235130189595,0.07379030741377944
0.46278934697816215,0.043668872255996194,0.22389000606708373,0.08766309417261227,0.1083541525483542,0.07363452797779288
0.46279788859562365,0.04327035171998717,0.2242601106984803,0.08810831703898868,0.10808463240019507,0.07347869954672508
0.4628036541279619,0.042875080374770155,0.22462854581593278,0.0885549336323694,0.1078149601441846,0.07332282590478101
0.46280665828329487,0.042483036691562545,0.2249953063782069,0.08900294453968109,0.10754514329792313,0.0731669108093328
0.46280691575672683,0.04209419921452243,0.2253603873828776,0.08945235032797107,0.10727518932694778,0.07301095799095414
0.4628044412294889,0.041708546561676135,0.22572378386632494,0.08990315154425955,0.10700510564478669,0.0728549711534611
0.46279924936808475,0.041326057425820795,0.22608549090375146,0.09035534871538405,0.10673489961301233,0.07269895397394915
0.4627913548234271,0.04094671057540097,0.2264455036091829,0.09080894234785196,0.10646457854130255,0.07254291010283558
0.46278077223004516,0.040570484855361966,0.22680381713549239,0.09126393292769186,0.10619414968750644,0.07238684316390138
0.4627675162052548,0.040197359187978225,0.22716042667440678,0.0917203209203048,0.1059236202577165,0.07223075675433804
0.4627516013483657,0.039827312573656015,0.22751532745652894,0.09217810677031496,0.10565299740634104,0.07207465444479186
0.462733042239899,0.03946032409171518,0.2278685147513602,0.09263729090142853,0.10538228823618778,0.07191853977941161
0.4627118534408152,0.0390963729011448,0.22821998386731615,0.09309787371628228,0.1051114997985446,0.0717624162758973
0.4626880494917694,0.038735438241337565,0.22856973015176224,0.09355985559630532,0.10484063909327417,0.07160628742555172
0.46266164491236117,0.038377499432800936,0.2289177489910326,0.09402323690157247,0.10456971306890321,0.07145015669333231
0.4626326542004019,0.03802253587784474,0.22926403581046156,0.09448801797066342,0.10429872862272412,0.07129402751790258
0.4626010918312243,0.037670527061247995,0.22960858607442244,0.09495419912052383,0.10402769260089624,0.07113790331168911
0.46256697225694027,0.03732145255090313,0.22995139528634873,0.09542178064632138,0.10375661179854989,0.07098178746093599
0.4625303099057938,0.0369752919984387,0.23029245898878792,0.09589076282131401,0.10348549295990352,0.07082568332576257
0.4624911191814551,0.03663202513982116,0.23063177276342767,0.09636114589670564,0.10321434277836888,0.07066959424022048
0.46244941446237353,0.03629163179593566,0.2309693322311378,0.09683293010151628,0.10294316789668047,0.07051352351235582
0.46240521010111374,0.035954091873145695,0.2313051330520218,0.09730611564244346,0.10267197490700791,0.07035747442426767
0.4623585204237245,0.035619385363833016,0.2316391709254529,0.09778070270373129,0.10240077035108774,0.07020145023217007
0.4623093597291095,0.03528749234691761,0.231971441590127,0.0982566914470375,0.10212956072035116,0.07004545416645704
0.46225774228840844,0.03495839298835726,0.23230194082411004,0.09873408201130346,0.10185835245605535,0.06988948943176411
0.46220368234440123,0.0346320675416286,0.23263066444488972,0.09921287451262448,0.10158715194942222,0.06973355920703492
0.4621471941108966,0.0343084963481877,0.2329576083094284,0.0996930690441217,0.10131596554177712,0.06957766664558701
0.46208829177217636,0.03398765983791427,0.23328276831422323,0.1001746656758168,0.10104479952469052,0.06942181487517897
0.46202698948240345,0.033669538529533985,0.23360614039535296,0.10065766445450577,0.10077366014012512,0.06926600699807832
0.4619633013650721,0.033354113031025284,0.23392772052854993,0.10114206540363693,0.10050255358058391,0.06911024609113042
0.46189724151245987,0.033041364040007314,0.23424750472925204,0.10162786852318786,0.10023148598926296,0.06895453520582932
0.46182882398508296,0.03273127234410985,0.23456548905266933,0.10211507378954471,0.09996046346020525,0.06879887736838668
0.46175806281117704,0.03242381882132605,0.23488166959384627,0.10260368115538404,0.09968949203845849,0.06864327557980522
0.46168497198617714,0.032118984440348344,0.23519604248773301,0.10309369054955685,0.09941857772023495,0.06848773281595123
0.46160956547219884,0.03181675026088723,0.23550860390924502,0.10358510187696889,0.09914772645307521,0.06833225202762576
