0,1,2,3,4,5
0.1409538073170121,0.1890812130515091,0.20470830025788359,0.1319098221974857,0.16161952586404627,0.1717273313120615
0.14167929766317086,0.18846024061724395,0.2035678991288907,0.13284490341722272,0.1618118561393027,0.1716358030341723
0.14240591063209102,0.18783757077364174,0.20242997673613275,0.13378397772863207,0.16200152898353917,0.17154103514596306
0.14313362135465557,0.18721322896637405,0.2012945573606057,0.13472703292508362,0.1621885303858654,0.17144302900741354
0.14386240478046702,0.18658724079204705,0.20016166518455286,0.13567405646830696,0.16237284652290918,0.17134178625171712
0.14459223568044777,0.18595963199536936,0.19903132428838913,0.13662503548861007,0.16255446376132543,0.17123730878585774
0.1453230886494935,0.1853304284662929,0.19790355864763795,0.13757995678516619,0.16273336866027496,0.17112959879113224
0.1460549381091682,0.1846996562371005,0.19677839212986764,0.1385388068263631,0.16290954797387136,0.17101865872362335
0.14678775831044757,0.18406734147947038,0.1956558484916363,0.13950157175021735,0.16308298865360846,0.17090449131462068
0.14752152333650603,0.18343351050149062,0.1945359513754358,0.14046823736485145,0.16325367785074182,0.17078709957097352
0.14825620710555737,0.18279818974465412,0.19341872430665952,0.1414387891490481,0.16342160291866392,0.17066648677541948
0.14899178337372715,0.1821614057808008,0.19230419069056193,0.14241321225285167,0.16358675141522325,0.1705426564868301
0.1497282257379906,0.1815231853090461,0.19119237380924087,0.14339149149825736,0.16374911110503793,0.17041561254042753
0.15046550763912425,0.18088355515264878,0.19008329681861547,0.14437361137994556,0.16390866996174797,0.1702853590479183
0.15120360236473035,0.1802425422558754,0.18897698274542998,0.14535955606609866,0.16406541617026094,0.17015190039760397
0.15194248305228977,0.17960017368081185,0.18787345448426246,0.1463493093992717,0.16421933812894585,0.17001524125441586
0.15268212269225287,0.17895647660415046,0.186772734794548,0.14734285489734422,0.16437042445180358,0.16987538655989984
0.1534224941311832,0.17831147831394506,0.1856748462976091,0.14834017575451924,0.16451866397059212,0.16973234153214956
0.15416357007493212,0.17766520620633994,0.1845798114737154,0.14934125484240607,0.16466404573692386,0.1695861116656797
0.15490532309186097,0.17701768778226593,0.18348765265914282,0.15034607471115866,0.16480655902432437,0.1694367027312496
0.15564772561609197,0.17636895064410268,0.18239839204325894,0.15135461759068058,0.16494619333024416,0.16928412077561977
0.1563907499508123,0.1757190224923296,0.18131205166562345,0.15236686539190936,0.1650829383780537,0.16912837212127224
0.1571343682716007,0.17506793112213254,0.1802286534131055,0.15338279970814278,0.16521678411897045,0.16896946336604968
0.157878552629799,0.17441570441998977,0.1791482190170193,0.15440240181645443,0.1653477207339747,0.16880740138275982
0.1586232749559243,0.1737623703602452,0.17807077005028496,0.15542565267916408,0.16547573863566445,0.16864219331871738
0.15936850706310068,0.1731079570016344,0.176996327924599,0.15645253294536685,0.1656008284700802,0.16847384659521872
0.16011422065053912,0.1724524924838085,0.17592491388763878,0.1574830229525465,0.16572298111848383,0.1683023689069825
0.1608603873070501,0.17179600502382428,0.17485654902028247,0.15851710272823472,0.16584218769909873,0.16812776822150974
0.16160697851457875,0.17113852291261142,0.17379125423385272,0.1595547519917465,0.1659584395688003,0.16795005277840744
0.1623539656517871,0.17048007451143077,0.1727290502673835,0.16059595015597536,0.16607172832477562,0.16776923108864694
0.1631013199976478,0.16982068824829635,0.17166995768491633,0.16164067632925522,0.16618204580612203,0.16758531193376167
0.1638490127350856,0.16916039261439297,0.17061399687281528,0.16268890931728333,0.16628938409541802,0.1673983043650047
0.1645970149546399,0.16849921616046612,0.16956118803711454,0.16374062762510935,0.16639373552023806,0.16720821770243222
0.16534529765815276,0.167837187493202,0.1685115512008921,0.16479580945918812,0.16649509265462337,0.16701506153394471
0.1660938317624904,0.16717433527158454,0.1674651062016655,0.16585443272948858,0.16659344832051337,0.16681884571426145
0.1668425881032846,0.16651068820324239,0.16642187268882572,0.16691647505167412,0.16668879558912003,0.16661958036385238
0.16759153743870814,0.16584627504078248,0.16538187012109434,0.1679819137493415,0.16678112778226648,0.16641727586780575
0.16834065045326133,0.16518112457810544,0.16434511776401253,0.1690507258563143,0.16687043847366606,0.16621194287463995
0.16908989776159283,0.1645152656467113,0.16331163468746007,0.17012288811900736,0.16695672149016486,0.16600359229506642
0.16983924991233684,0.16384872711199522,0.16228143976320997,0.17119837699884327,0.16703997091292258,0.1657922353006916
0.1705886773919764,0.16318153786953388,0.16125455166251307,0.1722771686747392,0.1671201810785617,0.16557788332267495
0.1713381506287199,0.16251372684135726,0.16023098885371445,0.17335923904563755,0.16719734658025054,0.1653605480503179
0.17208763999640297,0.16184532297222015,0.15921076959990862,0.17444456373310938,0.1672714622687474,0.16514024142961156
0.17283711581840208,0.161176355225858,0.15819391195662047,0.1755331180840048,0.1673425232533867,0.16491697566172647
0.173586548371573,0.16050685258124353,0.157180433769538,0.17662487717317313,0.16741052490302383,0.16469076320144765
0.17433590789019685,0.1598368440288346,0.15617035267226304,0.17771981580622087,0.1674754628469224,0.16446161675556228
0.17508516456994705,0.1591663585668203,0.15516368608410688,0.1788179085223491,0.1675373329755912,0.16422954928118522
0.17583428857186653,0.1584954251973596,0.15416045120792865,0.17991912959722417,0.16759613144157118,0.16399457398405087
0.17658325002635714,0.15782407292282377,0.15316066502800296,0.1810234530459187,0.16765185466016894,0.16375670431672681
0.17733201903718449,0.15715233074203383,0.15216434430793033,0.1821308526258965,0.1677044993101475,0.1635159539768055
0.17808056568549022,0.15648022764649802,0.1511715055885887,0.18324130184005588,0.16775406233434503,0.16327233690502296
0.1788288600338076,0.1558077926166538,0.15018216518611857,0.18435477393982,0.16780054094026078,0.16302586728334
0.17957687213010323,0.15513505461810775,0.14919633918995798,0.18547124192828507,0.16784393260058056,0.1627765595329686
0.18032457201180224,0.15446204259787957,0.14821404346091077,0.18659067856341244,0.16788423505364675,0.1625244283123495
0.1810719297098369,0.1537887854806539,0.14723529362926221,0.1877130563612785,0.16792144630388098,0.16226948851508763
0.18181891525269356,0.1531153121650312,0.14626010509293227,0.18883834759936025,0.16795556462215058,0.16201175526782965
0.18256549867046398,0.15244165151979153,0.1452884930156757,0.1899665243198841,0.1679865885460813,0.16175124392810333
0.18331164999889538,0.1517678323801561,0.14432047232532164,0.19109755833320652,0.16801451688031827,0.16148797008210228
0.18405733928344878,0.15109388354407124,0.14335605771205964,0.19223142122125728,0.16803934869673268,0.16122194954243044
0.18480253658335535,0.15041983376848778,0.14239526362677343,0.19336808434101044,0.16806108333457392,0.1609531983458038
0.18554721197566088,0.14974571176565663,0.14143810427940834,0.19450751882800857,0.1680797204005739,0.1606817327506922
0.18629133555929528,0.14907154619943813,0.1404845936373976,0.19564969559993634,0.16809525976898904,0.16040756923494037
0.18703487745910702,0.14839736568162107,0.13953474542412808,0.19679458536022137,0.16810770158159555,0.16013072449332644
0.1877778078299075,0.14772319876825143,0.1385885731174465,0.1979421586016821,0.16811704624762738,0.15985121543508457
0.18852009686051976,0.14704907395598366,0.13764608994822283,0.199092385610226,0.16812329444366186,0.15956905918138486
0.18926171477780476,0.1463750196784396,0.13670730889895558,0.20024523646856926,0.16812644711345529,0.15928427306277596
0.19000263185068317,0.14570106430258928,0.1357722427024204,0.20140068106000783,0.16812650546771613,0.15899687461658052
0.19074281839416116,0.14502723612514568,0.13484090384037778,0.20255868907221936,0.16812347098383784,0.15870688158425705
0.19148224477332446,0.14435356336897737,0.13391330454231254,0.20371923000110145,0.16811734540556508,0.15841431190871844
0.1922208814073407,0.14368007417954418,0.1329894567842371,0.20488227315464458,0.168108130742618,0.158119183731613
0.19295869877344013,0.1430067966213517,0.13206937228753438,0.2060477876568456,0.16809582927025507,0.15782151539057077
0.19369566741088595,0.1423337586744225,0.13115306251785164,0.20721574245163624,0.16808044352879226,0.15752132541641428
0.19443175792492495,0.14166098823079434,0.13024053868404334,0.20838610630686194,0.16806197632305622,0.15721863253032078
0.19516694099073195,0.14098851309104285,0.1293318117371666,0.20955884781828257,0.16804043072180191,0.15691345564097378
0.19590118735733203,0.14031636096082253,0.12842689236951935,0.21073393541360028,0.16801581005706853,0.15660581384165972
0.1966344678515,0.13964455944743556,0.12752579101373493,0.21191133735651715,0.167988117923478,0.1562957264073338
0.19736675338165696,0.13897313605642952,0.12662851784192525,0.21309102175082228,0.1679573581774984,0.1559832127916678
0.19809801494172724,0.13830211818821528,0.12573508276486886,0.21427295654450124,0.16792353493663634,0.15566829262405057
0.19882822361498909,0.1376315331347171,0.12484549543125814,0.21545710953387026,0.16788665257859953,0.15535098570656605
0.19955735057789858,0.13696140807605195,0.12395976522698864,0.2166434483677312,0.1678467157403894,0.15503131201094156
0.20028536710388828,0.13629177007723192,0.12307790127450437,0.2178319405515581,0.16780372931735352,0.15470929167546368
0.20101224456714742,0.13562264608490673,0.12219991243219273,0.21902255345168914,0.16775769846219235,0.1543849450018708
0.20173795444637482,0.13495406292412615,0.121325807293826,0.22021525429955477,0.1677086285839013,0.15405829245221606
0.20246246832849704,0.13428604729514312,0.12045559418806252,0.22141001019591222,0.1676565253466795,0.15372935464570636
0.20318575791238172,0.13361862577024303,0.11958928117798552,0.2226067881150964,0.16760139466878002,0.1533981523555128
0.20390779501249587,0.13295182479061476,0.1187268760607094,0.2238055549093019,0.16754324272131985,0.15306470650556286
0.2046285515625525,0.13228567066324004,0.11786838636701787,0.22500627731285747,0.16748207592702707,0.15272903816730343
0.20534799961913,0.13162018955784116,0.11701381936107316,0.2262089219465382,0.16741790095896586,0.15239116855645063
0.2060661113652457,0.13095540750384255,0.11616318204015715,0.22741345532186377,0.16735072473918405,0.1520511190297067
0.20678285911390912,0.13029135038737677,0.11531648113447535,0.22861984384543102,0.16728055443733952,0.15170891108146453
0.2074982153116432,0.1296280439483351,0.1144737231070101,0.2298280538232441,0.16720739746927002,0.15136456634049789
0.2082121525419618,0.12896551377744198,0.11363491415341447,0.23103805146505021,0.1671312614955126,0.15101810656661574
0.20892464352882603,0.12830378531338077,0.11280006020197428,0.23224980288869906,0.16705215441979457,0.150669553647324
0.20963566114005702,0.12764288383994754,0.11196916691360174,0.23346327412448706,0.16697008438745753,0.15031892959444842
0.21034517839071337,0.1269828344832542,0.11114223968189228,0.23467843111952202,0.16688505978385998,0.1499662565407586
0.21105316844643426,0.12632366220896735,0.110319283633225,0.2358952397420839,0.1667970892327223,0.1496115567365664
0.2117596046267439,0.12566539181958652,0.10950030362691522,0.23711366578599777,0.16670618159443434,0.14925485254632231
0.21246446040831757,0.1250080479517657,0.1086853042554177,0.23833367497498603,0.16661234596432134,0.14889616644519
0.21316770942820834,0.12435165507368505,0.10787428984457294,0.23955523296705128,0.16651559167086802,0.14853552101561407
0.21386932548702922,0.12369623748244567,0.10706726445391326,0.24077830535883357,0.16641592827390006,0.14817293894387826
