0,1,2,3,4,5
0.1536734836642039,0.0904922146095387,0.09485312366599839,0.10900823745614746,0.09794734605070951,0.4540255945534014
0.15453557739793633,0.09188252308151773,0.09622798232535079,0.11031262378925621,0.09930860175369836,0.44773269165223833
0.1553767186462098,0.09327846656330901,0.09760633113818074,0.11161374364674419,0.10067184601410425,0.44145289399145415
0.15619654549814585,0.09467967603778796,0.09898777302983278,0.11291113866293703,0.10203666582204403,0.43518820094925376
0.15699471346746796,0.09608578014161055,0.10037190982085704,0.114204353778803,0.10340264801275252,0.42894059477850965
0.1577708958956832,0.09749640565062424,0.10175834274055486,0.11549293781543293,0.10476937979631529,0.4227120381013868
0.15852478431844405,0.09891117796657674,0.10314667293924869,0.11677644403737653,0.10613644928419948,0.4165044714541525
0.15925608879429537,0.10032972160375865,0.10453650199787305,0.11805443070434733,0.10750344601114972,0.4103198108885745
0.15996453819514622,0.10175166067426378,0.10592743243350404,0.11932646160985388,0.10886996145106355,0.404159945636172
0.16064988045795575,0.103176619370535,0.10731906819948105,0.12059210660539238,0.11023558952546159,0.39802673584117276
0.1613118827972726,0.10460422244390835,0.10871101517880083,0.12185094210888979,0.11159992710324927,0.39192201036788094
0.16195033187839808,0.10603409567788115,0.11010288166948468,0.12310255159614553,0.11296257449045745,0.38584756468763226
0.16256503395112804,0.10746586635487286,0.11149427886071056,0.12434652607413477,0.11432313590876907,0.37980515885038385
0.16315581494410797,0.10889916371528122,0.11288482129848507,0.12558246453506147,0.11568121996162606,0.373796515545439
0.1637225205200455,0.11033361940768117,0.11427412733974927,0.1268099743901831,0.11703644008681835,0.3678233182555211
0.1642650160921246,0.11176886792906537,0.11566181959381887,0.1280286718824886,0.11838841499451098,0.36188720950799114
0.16478318680209508,0.11320454705406978,0.11704752535015542,0.1292381824774089,0.11973676908970475,0.3559897892265688
0.16527693746067557,0.11464029825219761,0.11843087699150727,0.13043814123082761,0.12108113287825388,0.3501326131865368
0.16574619245099842,0.11607576709210546,0.11981151239155714,0.1316281931337689,0.12242114335558534,0.34431719157598334
0.16619089559595399,0.11751060363207377,0.12118907529624028,0.1328079934332031,0.1237564443773682,0.3385449876651587
0.16661100999042025,0.11894446279587499,0.1225632156880227,0.13397720792855067,0.12508668701145892,0.3328174165856717
0.16700651779944578,0.12037700473327738,0.12393359013245951,0.13513551324351153,0.1264115298705244,0.327135844220778
0.16737742002356418,0.12180789516455026,0.12529986210646862,0.1362825970729858,0.12773063942482296,0.3215015862076077
0.16772373623250944,0.12323680570834389,0.1266617023077904,0.1374181584049102,0.1290436902947112,0.3159159070517346
0.16804550426867762,0.12466341419244942,0.128018788945232,0.13854190771695307,0.13035036552252977,0.31038001935416004
0.16834277992176147,0.12608740494696874,0.1293708080093182,0.1396535671480854,0.13165035682357892,0.304895083150288
0.1686156365760438,0.12750846907952956,0.13071745352310782,0.14075287064513728,0.13294336481601998,0.2994622053601627
0.16886416483189587,0.12892630473223873,0.13205842777293908,0.14183956408452955,0.13422909922955,0.2940824393488491
0.16908847210307676,0.13034061732013508,0.13339344151902713,0.14291340536946445,0.13550727909285512,0.28875678459544213
0.1692886821914664,0.13175111975098644,0.13472221418582464,0.1439741645029184,0.1367776328998489,0.2834861864689558
0.16946493484089717,0.1331575326263388,0.13604447403219627,0.14502162363686716,0.13803989875481526,0.2782715361088883
0.16961738527177092,0.13455958442378002,0.13735995830148304,0.14605557709823272,0.1392938244966407,0.2731136704080928
0.16974620369817908,0.13595701166047267,0.13866841335162147,0.14707583139212183,0.1405391678023763,0.2680133720952296
0.1698515748292076,0.1373495590380436,0.139969594765532,0.14808220518296158,0.14177569627042982,0.2629713699138279
0.16993369735617173,0.1387369795689967,0.1412632674420634,0.14907452925420978,0.1430031874837654,0.2579883388947936
0.16999278342745056,0.14011903468487777,0.14254920566782273,0.15005264644738178,0.1442214290535367,0.2530649007189324
0.17002905811262775,0.14149549432643863,0.14382719317028902,0.15101641158112913,0.14543021864360797,0.24820162416590644
0.17004275885759984,0.1428661370161572,0.14509702315263742,0.15196569135121762,0.14662936397650786,0.24339902564588087
0.17003413493227426,0.14423074991345156,0.1463584983107757,0.15290036421222003,0.14781868282136323,0.23865756980991637
0.1700034468724811,0.14558912885302702,0.14761143083309863,0.15382032024181894,0.14899800296443058,0.23397767023514293
0.16995096591764725,0.14694107836680437,0.14885564238354232,0.15472546098860673,0.15016716216286055,0.2293596901805395
0.169876973445749,0.14828641168990975,0.15009096406852052,0.15561569930431302,0.151326008082355,0.22480394340915075
0.16978176040703172,0.1496249507512749,0.15131723638838798,0.1564909591613918,0.15247439821944064,0.2203106950724746
0.1696656267578792,0.15095652614937866,0.15253430917405772,0.157351175456913,0.15361219980905003,0.2158801626527197
0.1695288808962427,0.1522809771137294,0.1537420415094806,0.1581962938037269,0.1547392897181743,0.21151251695864337
0.16937183909987152,0.1535981514526795,0.15494030164065056,0.159026270309836,0.15585555432632617,0.2072078831706354
0.16919482496863397,0.15490790548820077,0.1561289668718598,0.15984107134694678,0.15696088939358466,0.20296634193077032
0.16899816887208002,0.15621010397826002,0.1573079234499224,0.16064067330915494,0.15805519991700182,0.19878793047357896
0.16878220740334768,0.15750462002743576,0.1584770664370854,0.16142506236268178,0.15913839997612805,0.19467264379331972
0.1685472828404763,0.15879133498644812,0.1596362995733647,0.16219423418761567,0.16021041256846472,0.19062043584363006
0.16829374261607286,0.1600701383412556,0.1607855351290395,0.16294819371255811,0.16127116943559197,0.1866312207654802
0.1680219387962617,0.1613409275923949,0.16192469374802645,0.16368695484307288,0.16232061088075797,0.18270487413948647
0.16773222756972683,0.16260360812522515,0.16305370428286747,0.16441054018480664,0.16335868557868571,0.1788412342586848
0.16742496874763574,0.16385809307175261,0.164172503622053,0.16511898076214632,0.16438535037835073,0.1750401034180631
0.1671005252751211,0.1651043031646778,0.16528103651036968,0.16581231573321115,0.16540057009946485,0.17130124921715784
0.1667592627549707,0.16634216658434597,0.16637925536300124,0.1664905921020111,0.1664043173233962,0.16762440587227612
0.16640154898407403,0.16757161879921822,0.16746712007403491,0.167153864428507,0.16739657217922252,0.16400927553494304
0.16602775350313603,0.16879260240051314,0.1685445978200547,0.16780219453733283,0.16837732212560924,0.1604555296133535
0.1656382471600801,0.17000506693162695,0.16961166285947527,0.16843565122587703,0.16934656172917184,0.15696281009376617
0.16523340168753406,0.17120896871295727,0.17066829632823072,0.169054309972395,0.17030429243997855,0.1535307308589063
0.1648135892946855,0.17240427066267872,0.17171448603244754,0.1696582526447969,0.1712505223647944,0.1501588790005948
0.16437918227380335,0.17359094211410045,0.17275022623867542,0.1702475672107217,0.1721852660386903,0.14684681612401065
0.16393055262157707,0.17476895863009073,0.17377551746224232,0.17082234744944885,0.1731085441955458,0.14359407964109472
0.16346807167547522,0.1759383018151613,0.1747903662542862,0.17138269266621992,0.17402038353804256,0.14040018405081348
0.16299210976517403,0.17709895912567847,0.17579478498797868,0.17192870740943564,0.17492081650761673,0.13726462220411403
0.16250303587914727,0.17825092367871948,0.1767887916444147,0.17246050119122486,0.175809881054898,0.134186866551593
0.16200121734639267,0.1793941940600277,0.17777240959867371,0.17297818821180627,0.17668762041107972,0.13116637037202095
0.16148701953326922,0.1805287741315206,0.1787456674064613,0.17348188708805054,0.17755408286066135,0.12820256898003551
0.1609608055553822,0.1816546728387734,0.17970859859177404,0.17397172058661126,0.17840932151598768,0.12529488091147153
0.16042293600437346,0.18277190401887747,0.18066124143596118,0.17444781536195292,0.17925339409393778,0.12244270908489817
0.15987376868949088,0.1838804862090551,0.18160363876856808,0.17491030169958802,0.18008636269515735,0.11964544193813798
0.15931365839374817,0.18498044245638673,0.18253583776030238,0.17535931326480417,0.1809082935861342,0.11690245453862473
0.1587429566444636,0.1860718001289793,0.18345788971841934,0.17579498685709682,0.1817192569844356,0.1142131096666066
0.15816201149794037,0.18715459072889817,0.1843698498848639,0.17621746217056458,0.18251932684739028,0.11157675887034636
0.15757116733803272,0.18822884970713646,0.18527177723739238,0.1766268815604132,0.18330858066446223,0.10899274349256052
0.15697076468830984,0.1892946162809163,0.18616373429396765,0.1770233898157648,0.1840870992535463,0.10646039566749285
0.156361140037508,0.19035193325352415,0.1870457869206089,0.17740713393887161,0.18485496656140216,0.10397903928808468
0.15574262567796357,0.19140084683695846,0.18791800414293774,0.17777826293088062,0.18561226946839715,0.1015479909428635
0.15511554955668275,0.19244140647755592,0.1887804579615829,0.17813692758421126,0.18635909759773966,0.09916656082222419
0.15448023513869724,0.19347366468481386,0.18963322317161146,0.1784832802816247,0.18709554312933432,0.09683405359391804
0.15383700128235284,0.19449767686353564,0.19047637718612162,0.1788174748020179,0.18782170061837086,0.0945497692476008
0.15318616212614944,0.19551350114949986,0.19130999986414157,0.17913966613298485,0.18853766681877987,0.092313003908442
0.1525280269867748,0.19652119824874933,0.1921341733429111,0.17945001029013832,0.18924354051161005,0.09012305061981711
0.1518629002679191,0.19752083128061904,0.19294898187466097,0.17974866414317556,0.1899394223384118,0.08797920009521235
0.1511910813795229,0.19851246562462205,0.19375451166794946,0.18003578524868943,0.19062541463967705,0.08588074143953887
0.1505128646670251,0.1994961687712564,0.19455085073361172,0.18031153168964426,0.19130162129836417,0.08382696284009859
0.14982853935025656,0.20047201017681343,0.19533808873537456,0.18057606192149822,0.19196814758853686,0.08181715222752493
0.1491383894715602,0.2014400611222385,0.19611631684514952,0.18082953462487017,0.19262510002912184,0.07985059790705784
0.1484426938527765,0.20240039457610176,0.19688562760304162,0.181072108564713,0.19327258624278698,0.07792658916058183
0.14774172606066685,0.2033530850616687,0.19764611478205274,0.18130394245584475,0.193910714819901,0.07604441681986772
0.14703575438043479,0.2042982085281537,0.1983978732574914,0.181525194834797,0.1945395951875796,0.07420337381154345
0.14632504179692957,0.20523584222609814,0.19914099888106213,0.18173602393783672,0.19515933748375888,0.07240275567431509
0.14560984598317447,0.20616606458691844,0.19987558835960026,0.18193658758504527,0.19577005243624845,0.07064186104901309
0.14489041929584753,0.2070889551065861,0.20060173913843585,0.18212704307035033,0.19637185124671117,0.06891999214206675
0.1441670087773537,0.20800459423343504,0.20131954928930845,0.1823075470573629,0.19696484547952164,0.06723645516302067
0.1434398561641176,0.20891306326005185,0.2020291174028137,0.18247825548088337,0.19754914695539272,0.06559056073674352
0.14270919790077702,0.20981444421923087,0.20273054248530092,0.18263932345396214,0.1981248676497458,0.06398162429098934
0.14197526515990988,0.21070881978393305,0.20342392386015146,0.18279090518033128,0.1986921195956877,0.062408966419988804
0.14123828386698373,0.21159627317122123,0.20410936107339456,0.18293315387210135,0.19925101479154575,0.0608719132247537
0.14049847473018803,0.21247688805008724,0.20478695380353776,0.18306622167254138,0.19980166511284492,0.05936979663079949
