0,1,2,3,4,5
0.38053238399400113,0.07406044088944494,0.20766296773310575,0.08233308968047559,0.14734065048183326,0.10807046722113785
0.38112825100427894,0.07482670571139766,0.20763653848017402,0.0821757811655683,0.1467295047429147,0.10750321889566528
0.38171905961537617,0.07559994897364898,0.2076069495699021,0.08201759501175088,0.14611891795190962,0.1069375288774112
0.38230476265340385,0.07638021904488772,0.20757419137179953,0.08185853271916865,0.14550889604588438,0.10637339816485698
0.3828853128351819,0.07716756436194289,0.20753825430885853,0.08169859581425097,0.1448994449492652,0.10581082773050066
0.38346066277115015,0.07796203342414519,0.20749912885892066,0.08153778585005535,0.1442905705743489,0.10524981852138167
0.3840307649683319,0.07876367478756412,0.20745680555608165,0.0813761044066174,0.14368227882181311,0.10469037145959252
0.38459557183341453,0.07957253705912215,0.20741127499211537,0.08121355309131206,0.14307457558123562,0.10413248744280076
0.3851550356758837,0.08038866889058609,0.20736252781793701,0.08105013353921317,0.14246746673161267,0.10357616734476889
0.38570910871126207,0.08121211897243033,0.20731055474508414,0.0808858474134657,0.14186095814188474,0.10302141201587275
0.3862577430644324,0.08204293602757738,0.20725534654723682,0.08072069640565992,0.14125505567146923,0.1024682222836227
0.38680089077304347,0.0828811688050077,0.20719689406176056,0.08055468223621355,0.1406497651707915,0.10191659895318204
0.38733850379101187,0.0837268660732431,0.20713518819127877,0.08038780665475892,0.14004509248182168,0.10136654280788827
0.3878705339920999,0.08458007661370207,0.2070702199052769,0.0802200714405353,0.13944104343861408,0.10081805460977192
0.38839693317361657,0.08544084921392099,0.20700198024173877,0.08005147840279057,0.13883762386785656,0.1002711351000766
0.3889176530601664,0.0863092326606505,0.20693046030880796,0.07988202938118494,0.1382348395894128,0.09972578499977774
0.3894326453075327,0.08718527573281229,0.20685565128648067,0.07971172624620017,0.13763269641687378,0.09918200501009833
0.3899418615066363,0.08806902719433295,0.20677754442833182,0.07954057089955903,0.13703120015811138,0.09863979581302976
0.3904452531875787,0.08896053578683419,0.2066961310632647,0.07936856527464534,0.1364303566158335,0.09809915807184509
0.3909427718238146,0.08985985022219516,0.2066114025972987,0.07919571133693173,0.1358301715881432,0.09756009243161656
0.3914343688363954,0.09076701917498058,0.2065233505153843,0.07902201108441423,0.13523065086909736,0.09702259951972686
0.3919199955983192,0.09168209127472957,0.20643196638324782,0.07884746654805008,0.1346318002492702,0.09648667994638485
0.392399603438975,0.09260511509810931,0.20633724184926563,0.07867207979220102,0.134033625516316,0.09595233430513261
0.39287314364871084,0.09353613916093499,0.20623916864637296,0.07849585291508418,0.13343613245553698,0.09541956317335798
0.3933405674834738,0.09447521191004897,0.20613773859400364,0.078318788049227,0.13283932685044927,0.09488836711280015
0.393801826169565,0.09542238171506,0.20603294360005187,0.07814088736192343,0.13224321448334744,0.09435874667005285
0.39425687090850603,0.09637769685995477,0.2059247756628783,0.07796215305570277,0.13164780113588267,0.09383070237707244
0.39470565288200815,0.09734120553455637,0.20581322687333978,0.0777825873687984,0.131053092589622,0.09330423475167444
0.39514812325702164,0.09831295582585442,0.20569828941684287,0.0776021925756206,0.1304590946266276,0.09277934429803247
0.3955842331909331,0.09929299570919056,0.20557995557544503,0.07742097098723777,0.1298658130300212,0.09225603150717326
0.3960139338368396,0.10028137303930554,0.20545821772997105,0.07723892495185843,0.12927325358455505,0.09173429685746995
0.39643717634893966,0.10127813554124741,0.20533306836217055,0.07705605685532237,0.12868142207718924,0.09121414081513272
0.39685391188803193,0.10228333080113736,0.20520450005689586,0.0768723691215908,0.12809032429765205,0.09069556383469228
0.3972640916271313,0.10329700625679882,0.20507250550432432,0.076687864213246,0.12749996603901445,0.09017856635948426
0.3976676667571839,0.10431920918824111,0.20493707750219683,0.07650254463198965,0.12691035309825768,0.08966314882212859
0.3980645884928949,0.10534998670800888,0.20479820895809978,0.0763164129191514,0.12632149127683961,0.0891493116450069
0.39845480807867084,0.10638938575138439,0.20465589289176195,0.07612947165619616,0.12573338638125833,0.08863705524072954
0.39883827679467904,0.10743745306645652,0.20451012243739847,0.07594172346523595,0.12514604422361852,0.08812638001260827
0.3992149459630164,0.10849423520404783,0.20436089084607284,0.07575317100955122,0.12455947062219315,0.08761728635511914
0.399584766953971,0.10955977850749553,0.20420819148809205,0.07556381699410468,0.12397367140197839,0.08710977465435872
0.39994769119243784,0.11063412910230304,0.2040520178554332,0.07537366416606871,0.12338865239525536,0.08660384528850176
0.4003036701644145,0.11171733288564697,0.2038923635641967,0.07518271531535037,0.12280441944214028,0.0860994986282491
0.4006526554236296,0.1128094355157464,0.2037292223570894,0.07499097327512146,0.12222097839113927,0.08559673503727551
0.40099459859826725,0.11391048240109138,0.20356258810593633,0.07479844092235002,0.12163833509968923,0.08509555487266461
0.40132945139783877,0.11502051868954132,0.20339245481422405,0.0746051211783347,0.12105649543470673,0.08459595848535044
0.4016571656201426,0.11613958925727891,0.20321881661966693,0.07441101700924446,0.12047546527312618,0.08409794622054055
0.40197769315833354,0.11726773869763114,0.2030416677968042,0.07421613142665363,0.11989525050243253,0.08360151841814341
0.4022909860081519,0.11840501130975743,0.20286100275962382,0.07402046748808883,0.11931585702119456,0.08310667541318345
0.40259699627521356,0.11955145108719666,0.20267681606421675,0.07382402829756683,0.1187372907395899,0.08261341753621577
0.40289567618246075,0.12070710170628994,0.20248910241145074,0.07362681700614321,0.11815955757992336,0.08212174511372979
0.4031869780776988,0.12187200651446581,0.20229785664968128,0.07342883681245897,0.11758266347714602,0.08163165846854976
0.4034708544412688,0.12304620851838904,0.20210307377747294,0.07323009096328342,0.11700661437935908,0.08114315792022687
0.4037472578938243,0.12422975037199271,0.2019047489463653,0.07303058275406989,0.11643141624831986,0.08065624378542655
0.4040161412042331,0.12542267436437157,0.20170287746364712,0.07283031552949916,0.11585707505993867,0.08017091637830612
0.40427745729759584,0.12662502240755064,0.20149745479516584,0.07262929268403281,0.11528359680476692,0.07968717601088991
0.4045311592633533,0.12783683602412713,0.2012884765681528,0.07242751766246078,0.11471098748847798,0.07920502299342903
0.40477720036356046,0.12905815633479256,0.20107593857408032,0.07222499396045386,0.11413925313234766,0.07872445763476639
0.4050155340412279,0.13028902404572862,0.20085983677153618,0.07202172512511347,0.1135683997737154,0.0782454802426804
0.4052461139288025,0.13152947943588372,0.20064016728911915,0.0718177147555193,0.11299843346644717,0.07776809112423008
0.4054688938567574,0.1327795623441272,0.2004169264283639,0.07161296650328061,0.11242936028138474,0.07729229058608962
0.40568382786228474,0.13403931215629583,0.20019011066667386,0.07140748407308249,0.11186118630678815,0.07681807893487344
0.4058908701981334,0.13530876779211695,0.19995971666029053,0.07120127122323361,0.11129391764877,0.07634545647745489
0.4060899753415115,0.1365879676920207,0.1997257412472672,0.07099433176621069,0.11072756043171567,0.07587442352127516
0.4062810980031375,0.13787694980384588,0.19948818145046876,0.07078666956920159,0.11016212079870029,0.07540498037464485
0.40646419313639703,0.13917575156943493,0.1992470344805939,0.07057828855464753,0.10959760491188954,0.07493712734703471
0.4066392159465936,0.14048440991112368,0.1990022977392045,0.0703691927007811,0.10903401895293702,0.0744708647493608
0.4068061219003167,0.141802961218129,0.19875396882177773,0.07015938604216286,0.10847136912335976,0.07400619289425313
0.4069648667349283,0.1431314413328378,0.1985020455207746,0.0699488726702139,0.1079096616449177,0.07354311209632776
0.40711540646813743,0.14446988553699527,0.19824652582871877,0.0697376567337471,0.10734890275996611,0.07308162267243454
0.40725769740769396,0.14581832853780194,0.19798740794129452,0.06952574243949229,0.10678909873180853,0.07262172494190616
0.4073916961611872,0.14717680445391892,0.19772469026045392,0.06931313405261885,0.10623025584503083,0.07216341922679277
0.4075173596459233,0.14854534680138423,0.1974583713975335,0.06909983589725394,0.10567238040582164,0.0717067058520852
0.4076346450989488,0.14992398847944344,0.1971884501763905,0.06888585235699594,0.10511547874228859,0.07125158514593358
0.4077435100871291,0.15131276175630215,0.19691492563654478,0.06867118787542402,0.10455955720475038,0.070798057439848
0.4078439125173589,0.15271169825479705,0.19663779703632575,0.06845584695660063,0.10400462216602226,0.07034612306889626
0.407935810646838,0.15412082893799284,0.1963570638560292,0.0682398341655687,0.10345068002168432,0.0698957823718839
0.40801916309347924,0.15554018409471448,0.1960727258010901,0.0680231541288463,0.10289773719034115,0.06944703569153009
0.4080939288463678,0.15696979332499864,0.1957847828052432,0.06780581153490887,0.10234580011385641,0.06899988337462487
0.40816006727635373,0.15840968552550078,0.1954932350337075,0.06758781113467051,0.10179487525758234,0.0685543257721848
0.40821753814669653,0.15985988887482677,0.1951980828863614,0.06736915774195584,0.10124496911057071,0.06811036323958644
0.4082663016238251,0.16132043081882258,0.19489932700092444,0.0671498562339636,0.10069608818576511,0.06766799613669912
0.4083063182881546,0.16279133805580168,0.1945969682561378,0.06692991155172456,0.1001482390201835,0.06722722482799655
0.40833754914502174,0.16427263652173918,0.19429100777495104,0.06670932870054992,0.09960142817507553,0.0667880496826633
0.40835995563565625,0.16576435137541265,0.1939814469276957,0.0664881127504723,0.09905566223607414,0.06635047107468559
0.4083734996482791,0.16726650698351922,0.19366828733527217,0.06626626883667738,0.09851094781332097,0.06591448938293415
0.408378143529216,0.1687791269057419,0.19335153087231186,0.06604380215992395,0.09796729154157752,0.06548010499122754
0.4083738500941502,0.17030223387981275,0.1930311796703588,0.06582071798696079,0.09742470008032326,0.06504731828839364
0.40836058263939146,0.17183584980653355,0.19270723612101953,0.06559702165092596,0.09688318011382668,0.06461612966830813
0.4083383049532242,0.17337999573478782,0.19237970287911688,0.06537271855173975,0.0963427383512038,0.06418653952992542
0.40830698132735266,0.1749346918465477,0.192048582865847,0.06514781415648853,0.09580338152646208,0.06375854827730154
0.40826657656835147,0.17649995744185837,0.1917138792718882,0.06492231399979184,0.09526511639851336,0.0633321563195924
0.408217056009219,0.1780758109238393,0.1913755955605449,0.06469622368416418,0.09472794975117996,0.06290736407105212
0.4081583855209564,0.17966226978367353,0.19103373547083183,0.0644695488803591,0.09419188839317277,0.06248417195100663
0.40809053152421454,0.18125935058562587,0.19068830302057482,0.06424229532770602,0.0936569391580547,0.06206258038382426
0.4080134610009791,0.18286706895205773,0.1903393025094833,0.06401446883443006,0.09312310890418014,0.0616425897988665
0.40792714150630904,0.18448543954848448,0.18998673852219838,0.06378607527796376,0.09259040451461838,0.06122420063042809
0.40783154118008824,0.1861144760686379,0.1896306159313245,0.06355712060523654,0.09205883289704898,0.06080741331766079
0.4077266287588636,0.18775419121958756,0.18927093990044988,0.06332761083296098,0.09152840098364662,0.06039222830449017
0.40761237358765356,0.18940459670688398,0.18890771588711966,0.06309755204789658,0.09099911573093349,0.05997864603951077
0.4074887456318374,0.19106570321975921,0.1885409496458079,0.06286695040710218,0.0904709841196181,0.05956666697587341
