0,1,2,3,4,5
0.10891123419068796,0.14851495931707334,0.19801961572505508,0.3168307911042112,9.900931281596345e-07,0.2277224095698441
0.4099985400087599,0.010000939994360034,0.14000015999904003,0.3999986000084,9.999940000359997e-07,0.04000075999544003
0.07000057999652003,0.10000039999760002,0.23999956000264,0.4899980600116399,9.999940000359997e-07,0.10000039999760002
0.49999800001199995,0.16000003999976,0.12000027999832001,0.18999986000084002,9.999940000359997e-07,0.03000081999508003
0.36999878000731995,0.10000039999760002,0.32999902000588,0.19999980000120002,9.999940000359997e-07,9.999940000359997e-07
0.27272662993961655,0.22222188552392613,0.14141429445882148,0.36363516988785927,1.0100948883138083e-06,1.0100948883138083e-06
0.2999992000048,0.23999956000264003,0.30999914000516005,0.15000009999940003,9.99994000036e-07,9.99994000036e-07
0.17999992000048004,0.36999878000732,0.17999992000048004,0.26999938000372004,9.99994000036e-07,9.99994000036e-07
0.21212093664078804,0.2828275788227546,0.24242378329020228,0.21212093664078804,1.0100948883138083e-06,0.05050575451057873
0.07000057999652003,0.08000051999688003,0.4099985400087599,0.43999836000983994,9.999940000359997e-07,9.999940000359997e-07
0.16161619222509763,0.08080860115999297,0.1818180899913738,0.35353422100472115,0.21212093664078804,0.010101958978026395
0.05050575451057873,0.0707076522768549,0.26262568105647843,0.42424086318668774,0.1919190388745119,1.0100948883138083e-06
0.108911234190688,0.03960471521951356,0.32673172238580767,0.5247503480177348,9.90093128159635e-07,9.90093128159635e-07
0.09901030290909164,0.05940657778270624,0.27722706597782587,0.4554438290465601,0.10891123419068799,9.900931281596347e-07
0.030303856744302568,0.323231374355307,0.30302947658903084,0.2727266299396166,0.030303856744302568,0.04040480562744066
0.03030385674430256,1.0100948883138083e-06,0.36363516988785927,0.38383706765413544,0.17171714110823574,0.05050575451057873
0.04000075999544002,0.05000069999580002,0.5599976400141599,0.3299990200058799,9.999940000359995e-07,0.02000087999472003
0.03960471521951355,9.900931281596347e-07,0.2376233408514405,0.5841559357073126,0.09901030290909164,0.03960471521951355
0.06060670339371679,0.06060670339371679,0.19191903887451184,0.5555531986674828,1.010094888313808e-06,0.13131334557568336
0.11000033999796002,9.999940000359997e-07,0.50999794001236,0.30999914000515993,0.060000639996160024,0.010000939994360034
0.36999878000731995,0.010000939994360034,0.32999902000588,0.27999932000408,9.999940000359997e-07,0.010000939994360034
0.4899980600116399,0.010000939994360034,0.20999974000156,0.27999932000408,9.999940000359997e-07,0.010000939994360034
0.20201998775764995,0.010101958978026395,0.4747456076023781,0.16161619222509763,0.15151524334195954,1.010094888313808e-06
0.11000033999796002,9.999940000359997e-07,0.24999950000299997,0.4899980600116399,9.999940000359997e-07,0.1500000999994
0.08080860115999297,0.31313042547216885,0.27272662993961655,0.1212123966925453,1.0100948883138083e-06,0.21212093664078804
0.11000033999796002,0.060000639996160024,0.4099985400087599,0.09000045999724002,0.31999908000551996,0.010000939994360034
0.1000003999976,0.02000087999472003,0.6299972200166798,0.23999956000263994,9.999940000359995e-07,0.010000939994360032
0.336632653667404,0.03960471521951356,0.4653447603281565,0.1485149593170734,9.90093128159635e-07,0.00990192137472451
0.44999830001019997,9.999940000359997e-07,0.3999986000084,0.14000015999904003,9.999940000359997e-07,0.010000939994360034
0.09000045999724002,0.010000939994360034,0.41999848000911993,0.4699981800109199,9.999940000359997e-07,0.010000939994360034
0.05050575451057872,1.010094888313808e-06,0.38383706765413533,0.5555531986674828,1.010094888313808e-06,0.010101958978026394
0.0495056465011099,0.009901921374724506,0.4356419664833674,0.48514662289134913,9.900931281596347e-07,0.019802852656320855
9.999940000359997e-07,0.11000033999796002,0.24999950000299997,0.41999848000911993,0.04000075999544003,0.17999992000048
9.999940000359997e-07,0.010000939994360034,0.11000033999796002,0.27999932000408,9.999940000359997e-07,0.5999974000156
0.05000069999580004,0.16999998000012007,0.2999992000048,0.46999818001092003,0.010000939994360036,9.99994000036e-07
0.010000939994360034,0.14000015999904003,0.22999962000228,0.27999932000408,9.999940000359997e-07,0.33999896000623997
0.019802852656320855,0.0693075090643026,0.2673261346962295,0.4653447603281564,0.029703783937917203,0.14851495931707337
9.900931281596347e-07,0.0495056465011099,0.33663265366740397,0.29702892854101853,9.900931281596347e-07,0.31683079110421125
0.03000081999508003,0.010000939994360034,0.07000057999652003,0.51999788001272,0.03000081999508003,0.33999896000623997
9.99994000036e-07,0.08000051999688004,0.48999806001164004,0.42999842000948,9.99994000036e-07,9.99994000036e-07
0.010000939994360034,0.08000051999688003,0.14000015999904003,0.12000027999832001,9.999940000359997e-07,0.6499971000174
0.02020290786116448,0.04040480562744064,0.6161588919663114,0.2828275788227546,0.030303856744302558,0.010101958978026395
0.08000051999688003,0.11000033999796002,0.5899974600152399,0.19999980000120002,0.020000879994720035,9.999940000359997e-07
9.999940000359997e-07,0.04000075999544003,0.16999998000012,0.38999866000803995,0.010000939994360034,0.38999866000803995
9.999940000359997e-07,0.05000069999580003,0.1500000999994,0.20999974000156,0.08000051999688003,0.50999794001236
0.12121239669254529,0.0606067033937168,0.6363607897325875,0.10101049892626913,0.02020290786116448,0.0606067033937168
0.010000939994360034,0.03000081999508003,0.21999968000192,0.14000015999904003,0.12000027999832001,0.4799981200112799
0.08000051999688004,0.42999842000948,0.06000063999616004,0.42999842000948,9.99994000036e-07,9.99994000036e-07
0.04000075999544003,0.16000003999976,0.43999836000983994,0.23999956000264,9.999940000359997e-07,0.12000027999832001
0.08000051999688003,0.09000045999724002,0.27999932000408,0.28999926000443993,0.060000639996160024,0.19999980000120002
0.08000051999688003,0.08000051999688003,0.30999914000515993,0.13000021999868003,0.16999998000012,0.22999962000228
1.0100948883138083e-06,0.4343418120698258,0.15151524334195954,0.4141399143035496,1.0100948883138083e-06,1.0100948883138083e-06
0.0495056465011099,0.029703783937917203,0.05940657778270624,0.10891123419068799,9.900931281596347e-07,0.7524717674944505
0.18999986000084002,0.22999962000228,0.34999890000659994,0.20999974000156,9.999940000359997e-07,0.020000879994720035
0.060000639996160024,0.21999968000192,0.6599970400177599,0.04000075999544003,9.999940000359997e-07,0.020000879994720035
9.90093128159635e-07,0.3762363787937894,0.48514662289134924,0.13861402803547707,9.90093128159635e-07,9.90093128159635e-07
0.138614028035477,0.11881216547228429,0.5742550044257162,0.09901030290909162,9.900931281596345e-07,0.06930750906430258
0.2929285277058926,0.1313133455756834,0.5252503520180686,0.04040480562744064,1.010094888313808e-06,0.010101958978026395
0.16000003999976,0.23999956000264,0.49999800001199995,0.05000069999580003,0.05000069999580003,9.999940000359997e-07
9.99994000036e-07,0.07000057999652005,0.43999836000984005,0.48999806001164004,9.99994000036e-07,9.99994000036e-07
0.020000879994720038,0.06000063999616004,0.5699975800145201,0.3499989000066,9.99994000036e-07,9.99994000036e-07
1.0100948883138083e-06,0.1313133455756834,0.17171714110823574,0.22222188552392613,1.0100948883138083e-06,0.47474560760237816
0.07000057999652003,0.17999992000048,0.25999944000335995,0.26999938000372,9.999940000359997e-07,0.21999968000192
1.010094888313808e-06,0.12121239669254529,0.44444276095296387,0.2929285277058926,1.010094888313808e-06,0.14141429445882148
1.010094888313808e-06,0.1111114478094072,0.7575721763302443,0.10101049892626912,1.010094888313808e-06,0.030303856744302554
1.010094888313808e-06,0.5555531986674828,0.24242378329020223,0.20201998775764993,1.010094888313808e-06,1.010094888313808e-06
0.10891123419068799,0.3069298598226149,0.2376233408514405,0.3267317223858076,9.900931281596347e-07,0.019802852656320855
0.08080860115999297,0.2727266299396165,0.050505754510578725,0.5757550964337589,0.02020290786116448,1.010094888313808e-06
0.10101049892626915,0.16161619222509763,0.36363516988785927,0.3232313743553069,1.0100948883138083e-06,0.05050575451057873
0.5099979400123599,0.06000063999616001,0.09000045999724,0.13000021999868,0.14000015999904,0.07000057999652001
0.6099973400159601,0.21999968000192005,0.04000075999544004,0.13000021999868006,9.99994000036e-07,9.99994000036e-07
0.060000639996160024,0.16999998000012,0.28999926000443993,0.20999974000156,9.999940000359997e-07,0.26999938000372
0.1212123966925453,0.09090955004313106,0.42424086318668774,0.35353422100472115,1.0100948883138083e-06,0.010101958978026395
0.05000069999580004,0.23999956000264003,0.2999992000048,0.40999854000876,9.99994000036e-07,9.99994000036e-07
9.999940000359997e-07,0.1500000999994,0.31999908000551996,0.52999782001308,9.999940000359997e-07,9.999940000359997e-07
0.04000075999544003,0.060000639996160024,0.19999980000120002,0.25999944000335995,9.999940000359997e-07,0.43999836000983994
0.09090955004313105,0.11111144780940721,0.3434332721215831,0.454543709836102,1.010094888313808e-06,1.010094888313808e-06
0.07000057999652001,0.07000057999652001,0.5299978200130799,0.12000027999831998,9.999940000359995e-07,0.20999974000155994
0.09901030290909164,0.3861373100753857,0.4554438290465601,0.009901921374724506,9.900931281596347e-07,0.0495056465011099
0.29999920000479996,0.08000051999688003,0.27999932000408,0.1500000999994,0.020000879994720035,0.16999998000012
0.05000069999580003,0.11000033999796002,0.22999962000228,0.30999914000515993,0.010000939994360034,0.28999926000443993
0.14000015999904,0.13000021999868,0.07000057999652001,0.6099973400159598,0.010000939994360032,0.04000075999544002
0.060000639996160024,0.12000027999832001,0.38999866000803995,0.34999890000659994,0.03000081999508003,0.05000069999580003
0.07000057999652003,0.4099985400087599,0.23999956000264,0.25999944000335995,0.010000939994360034,0.010000939994360034
0.06000063999616004,0.23999956000264003,0.21999968000192005,0.46999818001092003,0.010000939994360036,9.99994000036e-07
0.14000015999904003,0.29999920000479996,0.22999962000228,0.27999932000408,0.03000081999508003,0.020000879994720035
0.0495056465011099,0.1980196157250551,0.2673261346962295,0.3267317223858076,0.05940657778270624,0.09901030290909164
0.04000075999544003,0.16000003999976,0.19999980000120002,0.33999896000623997,0.010000939994360034,0.24999950000299997
0.010000939994360034,0.16999998000012,0.30999914000515993,0.50999794001236,9.999940000359997e-07,9.999940000359997e-07
0.08080860115999296,0.19191903887451184,0.3131304254721688,0.37373611877099727,0.010101958978026394,0.030303856744302554
0.02000087999472003,0.09000045999724,0.08000051999688,0.6799969200184799,0.030000819995080023,0.1000003999976
0.03000081999508003,0.08000051999688003,0.3799987200076799,0.43999836000983994,0.020000879994720035,0.05000069999580003
0.010101958978026395,0.08080860115999297,0.21212093664078802,0.5050484542517925,0.12121239669254529,0.0707076522768549
9.900931281596345e-07,0.5544531418625236,0.23762334085144043,0.17821775316186236,9.900931281596345e-07,0.029703783937917196
0.1500000999994,0.060000639996160024,0.41999848000911993,0.20999974000156,0.010000939994360034,0.1500000999994
0.020000879994720035,0.09000045999724002,0.27999932000408,0.3999986000084,0.010000939994360034,0.19999980000120002
0.019802852656320855,0.0495056465011099,0.31683079110421125,0.5742550044257163,0.019802852656320855,0.019802852656320855
9.999940000359997e-07,0.4799981200112799,0.23999956000264,0.23999956000264,9.999940000359997e-07,0.04000075999544003
0.09000045999724005,0.20999974000156005,0.31999908000552,0.36999878000732,0.010000939994360036,9.99994000036e-07
0.010000939994360034,0.11000033999796002,0.12000027999832001,0.38999866000803995,0.3599988400069599,0.010000939994360034
0.05000069999580002,0.23999956000263994,0.23999956000263994,0.23999956000263994,0.030000819995080023,0.19999980000119996
0.010000939994360034,0.060000639996160024,0.44999830001019997,0.23999956000264,0.010000939994360034,0.22999962000228
9.999940000359997e-07,0.05000069999580003,0.12000027999832001,0.80999614002316,0.020000879994720035,9.999940000359997e-07
9.999940000359997e-07,0.08000051999688003,0.13000021999868003,0.7499965000209999,0.04000075999544003,9.999940000359997e-07
9.999940000359997e-07,0.14000015999904003,0.07000057999652003,0.7599964400213599,0.03000081999508003,9.999940000359997e-07
9.999940000359997e-07,0.13000021999868003,0.03000081999508003,0.8399959600242399,9.999940000359997e-07,9.999940000359997e-07
9.99994000036e-07,0.16999998000012007,0.41999848000912,0.36999878000732,0.04000075999544004,9.99994000036e-07
1.010094888313808e-06,0.5353513009012066,0.22222188552392608,0.23232283440706417,1.010094888313808e-06,0.010101958978026394
9.99994000036e-07,0.39999860000840004,0.32999902000588005,0.26999938000372004,9.99994000036e-07,9.99994000036e-07
1.0204019159066372e-06,0.01020503956098228,0.17346934610604428,0.07142915451538052,0.01020503956098228,0.7346903998546949
1.0100948883138083e-06,0.14141429445882148,0.24242378329020228,0.38383706765413544,1.0100948883138083e-06,0.23232283440706422
1.010094888313808e-06,0.19191903887451187,0.5353513009012066,0.2222218855239261,0.050505754510578725,1.010094888313808e-06
1.010094888313808e-06,0.20201998775764993,0.1515152433419595,0.6464617386157255,1.010094888313808e-06,1.010094888313808e-06
0.05000069999580003,0.05000069999580003,0.09000045999724002,0.16999998000012,0.020000879994720035,0.6199972800163199
0.04040480562744064,0.02020290786116448,0.5858560453168971,0.12121239669254529,1.010094888313808e-06,0.2323228344070642
0.07920844034589894,0.17821775316186242,0.40593917263857837,0.31683079110421125,9.900931281596347e-07,0.019802852656320855
0.13000021999868006,0.20999974000156005,0.3499989000066,0.30999914000516005,9.99994000036e-07,9.99994000036e-07
0.020000879994720035,0.08000051999688003,0.43999836000983994,0.18999986000084002,9.999940000359997e-07,0.26999938000372
9.99994000036e-07,0.24999950000300003,0.48999806001164004,0.25999944000336,9.99994000036e-07,9.99994000036e-07
9.999940000359997e-07,0.03000081999508003,0.21999968000192,0.07000057999652003,0.03000081999508003,0.6499971000174
9.999940000359997e-07,0.25999944000335995,0.67999692001848,0.060000639996160024,9.999940000359997e-07,9.999940000359997e-07
9.999940000359997e-07,0.19999980000120002,0.3999986000084,0.3999986000084,9.999940000359997e-07,9.999940000359997e-07
0.07000057999652003,0.060000639996160024,0.62999722001668,0.22999962000228,9.999940000359997e-07,0.010000939994360034
0.029703783937917203,0.08910937162749528,0.14851495931707337,0.0495056465011099,9.900931281596347e-07,0.6831652485232761
0.029703783937917203,0.07920844034589894,0.27722706597782587,0.18811868444345875,0.009901921374724506,0.41584010392017473
0.1515152433419595,0.010101958978026394,0.13131334557568336,0.14141429445882145,1.010094888313808e-06,0.5656541475506209
0.060000639996160024,0.03000081999508003,0.05000069999580003,0.10000039999760002,0.52999782001308,0.22999962000228
0.050505754510578725,0.010101958978026395,0.2929285277058926,0.14141429445882148,0.26262568105647843,0.24242378329020225
0.03000081999508003,0.14000015999904003,0.27999932000408,0.3599988400069599,9.999940000359997e-07,0.18999986000084002
0.09000045999724002,0.060000639996160024,0.31999908000551996,0.08000051999688003,0.04000075999544003,0.4099985400087599
0.010000939994360034,0.03000081999508003,0.09000045999724002,0.07000057999652003,9.999940000359997e-07,0.7999962000228
0.019802852656320855,0.029703783937917203,0.20792054700665144,0.0495056465011099,0.08910937162749528,0.6039577982705053
1.0100948883138083e-06,0.06060670339371681,0.20201998775764998,0.16161619222509763,1.0100948883138083e-06,0.575755096433759
0.20999974000156,0.13000021999868003,0.16000003999976,0.08000051999688003,0.10000039999760002,0.31999908000551996
9.900931281596345e-07,0.05940657778270623,0.11881216547228429,0.7326699049312577,0.01980285265632085,0.06930750906430258
9.999940000359997e-07,0.010000939994360034,0.03000081999508003,0.62999722001668,0.020000879994720035,0.30999914000515993
1.010094888313808e-06,0.05050575451057872,0.05050575451057872,0.8888845118110394,0.010101958978026394,1.010094888313808e-06
9.999940000359997e-07,0.11000033999796002,0.08000051999688003,0.7599964400213599,0.05000069999580003,9.999940000359997e-07
1.0100948883138083e-06,0.07070765227685491,0.1818180899913738,0.29292852770589267,0.04040480562744065,0.4141399143035497
9.999940000359995e-07,0.02000087999472003,0.05000069999580002,0.6399971600170399,0.010000939994360032,0.27999932000407995
9.99994000036e-07,0.11000033999796005,0.37999872000768004,0.47999812001128,0.030000819995080037,9.99994000036e-07
0.030303856744302558,0.09090955004313105,0.2727266299396165,0.5757550964337589,0.030303856744302558,1.010094888313808e-06
0.03030385674430256,0.06060670339371681,0.36363516988785927,0.4343418120698258,0.03030385674430256,0.08080860115999297
1.0100948883138083e-06,0.02020290786116448,0.30302947658903073,0.25252473217334037,0.010101958978026395,0.4141399143035496
0.02000087999472003,0.04000075999544002,0.08000051999688,0.7999962000227998,0.010000939994360032,0.05000069999580002
9.900931281596347e-07,0.0693075090643026,0.1683168218802661,0.2673261346962295,0.009901921374724506,0.48514662289134913
0.03000081999508003,0.09000045999724002,0.26999938000372,0.55999764001416,0.03000081999508003,0.020000879994720035
9.999940000359997e-07,0.09000045999724002,0.16999998000012,0.52999782001308,0.04000075999544003,0.16999998000012
9.900931281596347e-07,0.08910937162749528,0.17821775316186242,0.2871279972594222,0.17821775316186242,0.2673261346962295
0.020000879994720035,0.08000051999688003,0.29999920000479996,0.5999974000156,9.999940000359997e-07,9.999940000359997e-07
1.010094888313808e-06,0.08080860115999297,0.26262568105647843,0.5050484542517925,0.02020290786116448,0.1313133455756834
9.999940000359997e-07,0.03000081999508003,0.09000045999724002,0.8199960800235199,0.060000639996160024,9.999940000359997e-07
9.999940000359997e-07,0.020000879994720035,0.05000069999580003,0.29999920000479996,0.03000081999508003,0.5999974000156
9.999940000359997e-07,0.04000075999544003,0.1500000999994,0.33999896000623997,0.03000081999508003,0.43999836000983994
0.020000879994720035,0.060000639996160024,0.31999908000551996,0.4899980600116399,0.07000057999652003,0.04000075999544003
0.020202907861164476,0.030303856744302554,0.24242378329020223,0.6767645852651397,0.020202907861164476,0.010101958978026394
9.999940000359997e-07,0.020000879994720035,0.20999974000156,0.27999932000408,0.010000939994360034,0.4799981200112799
9.900931281596347e-07,0.07920844034589894,0.0495056465011099,0.8415801490288177,0.029703783937917203,9.900931281596347e-07
0.010000939994360034,0.10000039999760002,0.33999896000623997,0.3799987200076799,0.020000879994720035,0.1500000999994
0.03000081999508003,0.04000075999544003,0.14000015999904003,0.56999758001452,0.010000939994360034,0.20999974000156
9.900931281596345e-07,0.029703783937917196,0.19801961572505508,0.7326699049312577,0.01980285265632085,0.01980285265632085
0.02000087999472003,0.05000069999580002,0.5599976400141599,0.22999962000227997,9.999940000359995e-07,0.14000015999904
9.99994000036e-07,0.04000075999544004,0.6999968000192001,0.25999944000336,9.99994000036e-07,9.99994000036e-07
0.03000081999508003,0.060000639996160024,0.05000069999580003,0.07000057999652003,0.08000051999688003,0.7099967400195599
0.04040480562744064,0.02020290786116448,0.37373611877099727,0.5050484542517925,0.0606067033937168,1.010094888313808e-06
9.99994000036e-07,0.20999974000156005,0.38999866000804007,0.39999860000840004,9.99994000036e-07,9.99994000036e-07
9.999940000359997e-07,0.04000075999544003,0.8899956600260399,0.07000057999652003,9.999940000359997e-07,9.999940000359997e-07
9.999940000359995e-07,0.09000045999724,0.3299990200058799,0.5499977000137999,9.999940000359995e-07,0.030000819995080023
9.999940000359997e-07,0.12000027999832001,0.55999764001416,0.31999908000551996,9.999940000359997e-07,9.999940000359997e-07
1.010094888313808e-06,0.09090955004313105,0.3232313743553069,0.5858560453168971,1.010094888313808e-06,1.010094888313808e-06
9.90093128159635e-07,0.11881216547228435,0.4356419664833675,0.44554289776496386,9.90093128159635e-07,9.90093128159635e-07
1.010094888313808e-06,0.15151524334195954,0.24242378329020225,0.5959569942000351,1.010094888313808e-06,0.010101958978026395
9.99994000036e-07,0.21999968000192005,0.41999848000912,0.35999884000696003,9.99994000036e-07,9.99994000036e-07
0.029703783937917203,0.08910937162749528,0.41584010392017473,0.33663265366740397,9.900931281596347e-07,0.12871309675388068
0.26999938000372,0.11000033999796002,0.21999968000192,0.18999986000084002,0.04000075999544003,0.16999998000012
0.09000045999724002,0.05000069999580003,0.28999926000443993,0.19999980000120002,0.03000081999508003,0.33999896000623997
9.999940000359997e-07,0.03000081999508003,0.18999986000084002,0.43999836000983994,0.020000879994720035,0.31999908000551996
0.060000639996160024,0.11000033999796002,0.24999950000299997,0.16999998000012,0.010000939994360034,0.3999986000084
0.12000027999832001,0.16000003999976,0.26999938000372,0.24999950000299997,0.05000069999580003,0.1500000999994
9.999940000359997e-07,0.07000057999652003,0.36999878000731995,0.22999962000228,9.999940000359997e-07,0.32999902000588
9.999940000359997e-07,0.07000057999652003,0.3999986000084,0.4699981800109199,9.999940000359997e-07,0.060000639996160024
0.07920844034589894,0.14851495931707337,0.2178214782882478,0.44554289776496375,0.0495056465011099,0.05940657778270624
0.08000051999688003,0.04000075999544003,0.19999980000120002,0.18999986000084002,0.05000069999580003,0.43999836000983994
0.020000879994720035,0.08000051999688003,0.3599988400069599,0.33999896000623997,0.03000081999508003,0.16999998000012
0.010000939994360034,0.05000069999580003,0.44999830001019997,0.17999992000048,9.999940000359997e-07,0.30999914000515993
0.09000045999724002,0.05000069999580003,0.16999998000012,0.09000045999724002,0.07000057999652003,0.52999782001308
0.05000069999580003,0.10000039999760002,0.23999956000264,0.25999944000335995,9.999940000359997e-07,0.34999890000659994
0.05940657778270624,0.09901030290909164,0.4554438290465601,0.31683079110421125,0.03960471521951355,0.029703783937917203
9.999940000359997e-07,0.060000639996160024,0.3999986000084,0.4699981800109199,0.03000081999508003,0.04000075999544003
0.1500000999994,0.12000027999832001,0.28999926000443993,0.31999908000551996,0.060000639996160024,0.060000639996160024
9.999940000359997e-07,0.04000075999544003,0.09000045999724002,0.52999782001308,0.04000075999544003,0.29999920000479996
9.999940000359995e-07,0.06000063999616001,0.12000027999831998,0.7999962000227998,0.010000939994360032,0.010000939994360032
1.010094888313808e-06,0.0606067033937168,0.08080860115999297,0.707067431914554,0.010101958978026395,0.14141429445882148
9.999940000359997e-07,0.05000069999580003,0.16000003999976,0.4799981200112799,0.020000879994720035,0.28999926000443993
1.0100948883138083e-06,0.06060670339371681,0.09090955004313106,0.30302947658903073,0.010101958978026395,0.5353513009012068
0.02020290786116448,0.0707076522768549,0.0707076522768549,0.5252503520180687,0.05050575451057873,0.26262568105647843
0.02020290786116448,0.1212123966925453,0.16161619222509763,0.5959569942000352,0.0707076522768549,0.03030385674430256
9.999940000359997e-07,0.07000057999652003,0.33999896000623997,0.4099985400087599,0.03000081999508003,0.1500000999994
9.999940000359997e-07,0.09000045999724002,0.14000015999904003,0.18999986000084002,9.999940000359997e-07,0.5799975200148799
0.01980285265632086,0.13861402803547707,0.3168307911042113,0.2574252034146332,0.03960471521951356,0.22772240956984421
9.999940000359997e-07,0.18999986000084002,0.26999938000372,0.53999776001344,9.999940000359997e-07,9.999940000359997e-07
0.020000879994720035,0.25999944000335995,0.27999932000408,0.33999896000623997,9.999940000359997e-07,0.10000039999760002
0.04000075999544003,0.010000939994360034,0.44999830001019997,0.31999908000551996,9.999940000359997e-07,0.17999992000048
0.35999884000696003,0.13000021999868006,0.31999908000552,0.18999986000084004,9.99994000036e-07,9.99994000036e-07
9.90093128159635e-07,0.3762363787937894,0.2574252034146332,0.36633544751219305,9.90093128159635e-07,9.90093128159635e-07
0.21212093664078802,0.12121239669254529,0.3636351698878592,0.15151524334195954,0.15151524334195954,1.010094888313808e-06
9.999940000359995e-07,0.08000051999688,0.6299972200166798,0.27999932000407995,9.999940000359995e-07,0.010000939994360032
9.999940000359995e-07,0.14000015999904,0.3199990800055199,0.5099979400123599,9.999940000359995e-07,0.030000819995080023
0.09090955004313106,0.15151524334195954,0.3232313743553069,0.333332323238445,0.04040480562744064,0.06060670339371681
0.04040480562744064,0.14141429445882148,0.5858560453168971,0.21212093664078802,1.010094888313808e-06,0.02020290786116448
0.020000879994720035,0.13000021999868003,0.13000021999868003,0.33999896000623997,0.08000051999688003,0.29999920000479996
9.99994000036e-07,9.99994000036e-07,0.99999500003,9.99994000036e-07,9.99994000036e-07,9.99994000036e-07
0.0495056465011099,0.03960471521951355,0.2673261346962295,0.17821775316186242,0.27722706597782587,0.18811868444345875
0.3434332721215831,0.04040480562744064,0.12121239669254529,0.39393801653727345,0.010101958978026395,0.09090955004313105
0.12000027999832001,0.12000027999832001,0.29999920000479996,0.45999824001055994,9.999940000359997e-07,9.999940000359997e-07
0.30999914000515993,9.999940000359997e-07,0.44999830001019997,0.18999986000084002,0.05000069999580003,9.999940000359997e-07
9.99994000036e-07,0.35999884000696003,0.6399971600170401,9.99994000036e-07,9.99994000036e-07,9.99994000036e-07
0.13000021999868003,0.28999926000443993,0.3599988400069599,0.21999968000192,9.999940000359997e-07,9.999940000359997e-07
0.060000639996160024,9.999940000359997e-07,0.38999866000803995,0.3799987200076799,0.09000045999724002,0.08000051999688003
9.999940000359997e-07,0.45999824001055994,0.38999866000803995,0.05000069999580003,0.09000045999724002,0.010000939994360034
0.11000033999796,0.1000003999976,0.2699993800037199,0.5099979400123599,9.999940000359995e-07,0.010000939994360032
9.99994000036e-07,0.030000819995080037,0.8499959000246001,0.12000027999832004,9.99994000036e-07,9.99994000036e-07
0.26999938000372,9.999940000359997e-07,0.51999788001272,0.20999974000156,9.999940000359997e-07,9.999940000359997e-07
0.060000639996160024,0.04000075999544003,0.23999956000264,0.53999776001344,0.07000057999652003,0.05000069999580003
0.24999950000300003,0.23999956000264003,0.43999836000984005,0.07000057999652005,9.99994000036e-07,9.99994000036e-07
0.41999848000911993,0.18999986000084002,0.25999944000335995,0.12000027999832001,9.999940000359997e-07,0.010000939994360034
0.31999908000551996,0.16999998000012,0.18999986000084002,0.30999914000515993,9.999940000359997e-07,0.010000939994360034
0.21999968000192,0.19999980000120002,0.16000003999976,0.41999848000911993,9.999940000359997e-07,9.999940000359997e-07
9.900931281596347e-07,9.900931281596347e-07,0.5841559357073126,0.39603824135698207,9.900931281596347e-07,0.019802852656320855
9.999940000359997e-07,0.16000003999976,0.14000015999904003,0.08000051999688003,0.6199972800163199,9.999940000359997e-07
0.010000939994360034,0.03000081999508003,0.4099985400087599,0.020000879994720035,9.999940000359997e-07,0.52999782001308
9.900931281596347e-07,0.05940657778270624,0.24752427213303682,0.5445522105809273,0.0693075090643026,0.07920844034589894
9.999940000359997e-07,0.05000069999580003,0.60999734001596,0.03000081999508003,9.999940000359997e-07,0.30999914000515993
0.28999926000444,0.10000039999760005,0.26999938000372004,0.06000063999616004,0.030000819995080037,0.24999950000300003
0.03000081999508003,0.14000015999904003,0.23999956000264,0.04000075999544003,0.060000639996160024,0.4899980600116399
0.13000021999868,0.04000075999544002,0.7999962000227998,9.999940000359995e-07,9.999940000359995e-07,0.030000819995080023
0.020000879994720035,0.16000003999976,0.18999986000084002,0.33999896000623997,9.999940000359997e-07,0.28999926000443993
1.0100948883138083e-06,0.10101049892626915,0.1212123966925453,0.14141429445882148,1.0100948883138083e-06,0.6363607897325876
1.0100948883138083e-06,0.10101049892626915,0.1212123966925453,0.14141429445882148,1.0100948883138083e-06,0.6363607897325876
0.010000939994360034,0.28999926000443993,0.27999932000408,0.11000033999796002,0.010000939994360034,0.29999920000479996
9.999940000359997e-07,0.25999944000335995,0.16999998000012,0.07000057999652003,0.010000939994360034,0.4899980600116399
0.04000075999544003,0.09000045999724002,0.28999926000443993,0.09000045999724002,0.010000939994360034,0.4799981200112799
0.010000939994360034,0.16000003999976,0.060000639996160024,0.08000051999688003,0.03000081999508003,0.6599970400177599
0.010000939994360034,0.16000003999976,0.060000639996160024,0.08000051999688003,0.03000081999508003,0.6599970400177599
0.13000021999868003,0.03000081999508003,0.49999800001199995,0.05000069999580003,0.07000057999652003,0.21999968000192
0.13000021999868003,0.03000081999508003,0.49999800001199995,0.05000069999580003,0.07000057999652003,0.21999968000192
9.999940000359997e-07,0.3799987200076799,0.32999902000588,0.16999998000012,9.999940000359997e-07,0.12000027999832001
9.999940000359997e-07,0.3599988400069599,0.22999962000228,0.38999866000803995,9.999940000359997e-07,0.020000879994720035
9.900931281596347e-07,0.24752427213303682,0.4653447603281564,0.14851495931707337,9.900931281596347e-07,0.13861402803547704
1.010094888313808e-06,0.04040480562744064,0.7575721763302444,0.02020290786116448,1.010094888313808e-06,0.18181808999137378
9.999940000359997e-07,0.13000021999868003,0.4299984200094799,0.27999932000408,0.03000081999508003,0.13000021999868003
0.020000879994720035,0.11000033999796002,0.29999920000479996,0.13000021999868003,0.020000879994720035,0.41999848000911993
0.22999962000228005,0.17999992000048004,0.46999818001092003,0.12000027999832004,9.99994000036e-07,9.99994000036e-07
0.05000069999580003,0.17999992000048,0.25999944000335995,0.50999794001236,9.999940000359997e-07,9.999940000359997e-07
0.020000879994720035,0.10000039999760002,0.43999836000983994,0.43999836000983994,9.999940000359997e-07,9.999940000359997e-07
9.99994000036e-07,0.04000075999544004,0.9499953000282001,0.010000939994360036,9.99994000036e-07,9.99994000036e-07
9.999940000359997e-07,0.52999782001308,0.43999836000983994,0.03000081999508003,9.999940000359997e-07,9.999940000359997e-07
0.04040480562744064,0.16161619222509763,0.1212123966925453,0.1818180899913738,1.0100948883138083e-06,0.49494750536865434
0.04040480562744064,0.16161619222509763,0.1212123966925453,0.1818180899913738,1.0100948883138083e-06,0.49494750536865434
0.04040480562744064,0.16161619222509763,0.1212123966925453,0.1818180899913738,1.0100948883138083e-06,0.49494750536865434
0.04040480562744064,0.16161619222509763,0.1212123966925453,0.1818180899913738,1.0100948883138083e-06,0.49494750536865434
1.0100948883138083e-06,0.03030385674430256,0.42424086318668774,0.26262568105647843,1.0100948883138083e-06,0.2828275788227546
0.04000075999544003,0.08000051999688003,0.16999998000012,0.14000015999904003,9.999940000359997e-07,0.56999758001452
0.02020290786116448,0.05050575451057873,0.1313133455756834,0.25252473217334037,1.0100948883138083e-06,0.5454522497843448
0.00990192137472451,0.01980285265632086,0.930688530563185,0.03960471521951356,9.90093128159635e-07,9.90093128159635e-07
9.999940000359997e-07,0.060000639996160024,0.52999782001308,0.11000033999796002,9.999940000359997e-07,0.29999920000479996
9.999940000359997e-07,0.09000045999724002,0.24999950000299997,0.12000027999832001,0.05000069999580003,0.4899980600116399
0.1212123966925453,0.0707076522768549,0.333332323238445,0.05050575451057873,0.26262568105647843,0.16161619222509763
0.039604715219513545,0.029703783937917196,0.2772270659778258,0.06930750906430258,0.37623637879378924,0.2079205470066514
9.999940000359997e-07,0.060000639996160024,0.7499965000209999,9.999940000359997e-07,0.18999986000084002,9.999940000359997e-07
0.010000939994360034,0.05000069999580003,0.7599964400213599,0.07000057999652003,9.999940000359997e-07,0.11000033999796002
0.010000939994360034,0.19999980000120002,0.1500000999994,0.09000045999724002,0.020000879994720035,0.52999782001308
0.07920844034589894,0.22772240956984416,0.1683168218802661,0.1683168218802661,0.03960471521951355,0.31683079110421125
0.1500000999994,0.03000081999508003,0.30999914000515993,0.31999908000551996,0.11000033999796002,0.08000051999688003
9.999940000359997e-07,0.25999944000335995,0.3799987200076799,0.14000015999904003,0.020000879994720035,0.19999980000120002
9.99994000036e-07,0.020000879994720038,0.9799951200292801,9.99994000036e-07,9.99994000036e-07,9.99994000036e-07
0.10000039999760002,0.14000015999904003,0.23999956000264,0.22999962000228,9.999940000359997e-07,0.28999926000443993
0.010000939994360034,0.05000069999580003,0.53999776001344,0.03000081999508003,9.999940000359997e-07,0.36999878000731995
0.010000939994360034,0.05000069999580003,0.53999776001344,0.03000081999508003,9.999940000359997e-07,0.36999878000731995
0.18999986000083996,0.04000075999544002,0.6299972200166798,0.010000939994360032,9.999940000359995e-07,0.13000021999868
0.03030385674430256,0.02020290786116448,0.26262568105647843,0.010101958978026395,1.0100948883138083e-06,0.6767645852651399
9.999940000359995e-07,0.010000939994360032,0.14000015999904,0.8099961400231598,9.999940000359995e-07,0.04000075999544002
9.999940000359995e-07,0.5299978200130799,0.22999962000227997,0.14000015999904,0.04000075999544002,0.06000063999616001
9.999940000359995e-07,0.5299978200130799,0.22999962000227997,0.14000015999904,0.04000075999544002,0.06000063999616001
9.999940000359997e-07,0.10000039999760002,0.3599988400069599,0.020000879994720035,0.020000879994720035,0.49999800001199995
9.900931281596347e-07,0.0495056465011099,0.09901030290909164,0.12871309675388068,0.019802852656320855,0.7029671110864688
9.900931281596347e-07,0.2178214782882478,0.29702892854101853,0.44554289776496375,9.900931281596347e-07,0.03960471521951355
9.900931281596347e-07,0.2178214782882478,0.29702892854101853,0.44554289776496375,9.900931281596347e-07,0.03960471521951355
1.0100948883138083e-06,0.17171714110823574,0.20201998775764998,0.02020290786116448,1.0100948883138083e-06,0.6060579430831733
1.0100948883138083e-06,0.17171714110823574,0.20201998775764998,0.02020290786116448,1.0100948883138083e-06,0.6060579430831733
9.999940000359997e-07,0.24999950000299997,0.24999950000299997,0.10000039999760002,0.10000039999760002,0.29999920000479996
0.34999890000659994,0.05000069999580003,0.18999986000084002,0.05000069999580003,9.999940000359997e-07,0.3599988400069599
9.999940000359997e-07,0.09000045999724002,0.32999902000588,0.14000015999904003,9.999940000359997e-07,0.43999836000983994
9.999940000359997e-07,0.020000879994720035,0.6499971000174,0.12000027999832001,9.999940000359997e-07,0.20999974000156
9.999940000359997e-07,0.020000879994720035,0.04000075999544003,0.16999998000012,9.999940000359997e-07,0.76999638002172
9.999940000359997e-07,0.020000879994720035,0.04000075999544003,0.16999998000012,9.999940000359997e-07,0.76999638002172
9.999940000359997e-07,0.020000879994720035,0.04000075999544003,0.16999998000012,9.999940000359997e-07,0.76999638002172
9.999940000359997e-07,0.020000879994720035,0.04000075999544003,0.16999998000012,9.999940000359997e-07,0.76999638002172
0.030303856744302558,0.010101958978026395,0.20201998775764995,0.09090955004313105,1.010094888313808e-06,0.6666636363820018
9.999940000359997e-07,0.07000057999652003,0.29999920000479996,0.1500000999994,9.999940000359997e-07,0.4799981200112799
0.020000879994720035,0.16999998000012,0.05000069999580003,9.999940000359997e-07,9.999940000359997e-07,0.7599964400213599
1.010094888313808e-06,0.050505754510578725,0.04040480562744064,0.10101049892626913,0.0707076522768549,0.7373702785639683
0.04000075999544003,0.08000051999688003,0.45999824001055994,0.010000939994360034,9.999940000359997e-07,0.4099985400087599
0.04000075999544003,0.08000051999688003,0.45999824001055994,0.010000939994360034,9.999940000359997e-07,0.4099985400087599
0.09901030290909164,0.03960471521951355,0.3465335849490003,0.12871309675388068,0.019802852656320855,0.366335447512193
0.020202907861164483,0.22222188552392616,0.4141399143035497,0.28282757882275467,1.0100948883138083e-06,0.060606703393716814
0.03030385674430256,0.10101049892626915,0.17171714110823574,0.333332323238445,0.08080860115999297,0.2828275788227546
0.05940657778270623,0.19801961572505508,0.2277224095698441,0.2277224095698441,0.05940657778270623,0.2277224095698441
0.02020290786116448,0.1212123966925453,0.20201998775764998,0.29292852770589267,1.0100948883138083e-06,0.36363516988785927
0.04000075999544003,0.1500000999994,0.14000015999904003,0.24999950000299997,9.999940000359997e-07,0.41999848000911993
0.17821775316186242,0.11881216547228432,0.37623637879378935,0.17821775316186242,9.900931281596347e-07,0.14851495931707337
0.04000075999544003,0.13000021999868003,0.25999944000335995,0.19999980000120002,0.010000939994360034,0.3599988400069599
0.07000057999652003,0.12000027999832001,0.36999878000731995,0.33999896000623997,0.010000939994360034,0.09000045999724002
0.010000939994360034,0.14000015999904003,0.21999968000192,0.17999992000048,0.010000939994360034,0.43999836000983994
0.05000069999580003,0.22999962000228,0.16000003999976,0.24999950000299997,0.04000075999544003,0.26999938000372
0.020000879994720035,0.27999932000408,0.19999980000120002,0.16000003999976,0.05000069999580003,0.28999926000443993
0.02020290786116448,0.05050575451057873,0.22222188552392613,0.31313042547216885,1.0100948883138083e-06,0.3939380165372735
0.009901921374724506,0.10891123419068799,0.18811868444345875,0.22772240956984416,9.900931281596347e-07,0.4653447603281564
0.010000939994360034,0.12000027999832001,0.26999938000372,0.3599988400069599,0.020000879994720035,0.21999968000192
1.0100948883138083e-06,0.04040480562744064,0.09090955004313106,0.21212093664078804,1.0100948883138083e-06,0.6565626874988637
0.09901030290909164,0.15841589059866973,0.12871309675388068,0.22772240956984416,0.019802852656320855,0.366335447512193
0.04040480562744064,0.12121239669254529,0.26262568105647843,0.46464465871924004,0.02020290786116448,0.09090955004313105
1.010094888313808e-06,0.1717171411082357,0.28282757882275456,0.5353513009012066,1.010094888313808e-06,0.010101958978026394
0.04000075999544003,0.07000057999652003,0.25999944000335995,0.20999974000156,0.03000081999508003,0.38999866000803995
9.999940000359997e-07,0.04000075999544003,0.23999956000264,0.09000045999724002,0.010000939994360034,0.6199972800163199
9.999940000359997e-07,0.04000075999544003,0.23999956000264,0.09000045999724002,0.010000939994360034,0.6199972800163199
0.009901921374724506,0.2376233408514405,0.366335447512193,0.0693075090643026,9.900931281596347e-07,0.31683079110421125
0.009901921374724506,0.2376233408514405,0.366335447512193,0.0693075090643026,9.900931281596347e-07,0.31683079110421125
9.999940000359997e-07,0.23999956000264,0.11000033999796002,0.09000045999724002,0.010000939994360034,0.5499977000138
9.999940000359997e-07,0.23999956000264,0.11000033999796002,0.09000045999724002,0.010000939994360034,0.5499977000138
0.0495056465011099,0.14851495931707337,0.48514662289134913,0.2871279972594222,9.900931281596347e-07,0.029703783937917203
0.0495056465011099,0.14851495931707337,0.48514662289134913,0.2871279972594222,9.900931281596347e-07,0.029703783937917203
0.12871309675388065,0.039604715219513545,0.138614028035477,0.10891123419068796,0.07920844034589893,0.5049484854545419
0.04000075999544003,0.22999962000228,0.4099985400087599,0.21999968000192,0.07000057999652003,0.03000081999508003
0.019802852656320855,0.2178214782882478,0.17821775316186242,0.2376233408514405,9.900931281596347e-07,0.3465335849490003
