0,1,2,3,4,5
0.16834061541432224,0.1588710571879392,0.17114100209295155,0.15769439815859396,0.1717434951943677,0.17220943195182561
0.16827445390374338,0.1591927278158024,0.17095867570633852,0.15806183294230763,0.1715321144110117,0.1719801952207966
0.1682079904049717,0.15951463438042637,0.17077601158030198,0.1584297749898641,0.1713207503448929,0.1717508382995457
0.16814122502870307,0.15983677552270487,0.17059301087913398,0.15879822359252024,0.17110940308288242,0.17152136189405365
0.16807415788652755,0.1601591498785144,0.17040967476982385,0.1591671780368792,0.17089807271572058,0.17129176671253588
0.1680067890909221,0.16048175607871965,0.1702260044220466,0.15953663760490153,0.17068675933797398,0.1710620534654333
0.16793911875526607,0.1608045927491919,0.17004200100817746,0.15990660157391473,0.17047546304802094,0.17083222286542832
0.16787114699383945,0.16112765851081318,0.1698576657032785,0.16027706921662452,0.1702641839480085,0.17060227562743427
0.16780287392183083,0.16145095197949583,0.16967299968510863,0.16064803980112588,0.17005292214383194,0.1703722124686061
0.16773429965534048,0.16177447176619042,0.1694880041341186,0.1610195125909133,0.16984167774509903,0.17014203410833725
0.16766542431138703,0.16209821647689693,0.16930268023345094,0.16139148684489327,0.16963045086510478,0.1699117412682656
0.1675962480079115,0.16242218471268002,0.16911702916894372,0.1617639618173937,0.1694192416207958,0.16968133467227495
0.1675267708637808,0.16274637506968165,0.168931052129123,0.16213693675817534,0.16920805013274637,0.1694508150464919
0.16745699299879618,0.16307078613913134,0.16874475030521127,0.16251041091244461,0.16899687652512557,0.16922018311929274
0.16738691453369242,0.1633954165073592,0.16855812489111635,0.16288438352085977,0.1687857209256655,0.16898943962130428
0.16731653559015044,0.1637202647558151,0.16837117708344168,0.16325885381955135,0.16857458346563686,0.16875858528540374
0.16724585629079441,0.16404532946107128,0.16818390808147268,0.16363382104012514,0.16836346427981488,0.16852762084672132
0.16717487675919981,0.16437060919484547,0.1679963190871892,0.1640092844096769,0.16815236350644783,0.16829654704264116
0.16710359711990017,0.16469610252400846,0.16780841130525165,0.16438524315080288,0.167941281287233,0.16806536461280383
0.16703201749838895,0.1650218080106015,0.1676201859430091,0.16476169648161348,0.1677302177672816,0.16783407429910605
0.1669601380211256,0.16534772421184835,0.1674316442104912,0.16513864361574393,0.16751917309509323,0.1676026768457012
0.16688795881553867,0.16567384968016732,0.16724278732040784,0.1655160837623634,0.1673081474225201,0.16737117299900336
0.16681548001003405,0.16600018296319152,0.16705361648815298,0.16589401612619128,0.1670971409047449,0.1671395635076871
0.16674270173399833,0.16632672260377562,0.1668641329317919,0.16627243990750512,0.16688615370024312,0.16690784912268422
0.1666696241177999,0.16665346714001944,0.166674337872068,0.16665135430215675,0.1666751859707617,0.16667603059719388
0.16659624729279993,0.16698041510527167,0.16648423253239708,0.16703075850157814,0.1664642378812809,0.1664441086866741
0.16652257139135182,0.16730756502815447,0.16629381813886107,0.1674106516927976,0.16625330959998974,0.16621208414884422
0.16644859654680885,0.16763491543257442,0.16610309592021438,0.167791033058455,0.16604240129825534,0.16597995774369265
0.166374322893529,0.16796246483773697,0.1659120671078708,0.16817190177680316,0.16583151315059258,0.16574773023346637
0.16629975056687793,0.16829021175816422,0.1657207329359072,0.1685532570217332,0.16562064533463694,0.16551540238268211
0.16622487970323452,0.1686181547037077,0.16552909464105836,0.16893509796277562,0.1654097980311082,0.1652829749581163
0.1661497104399956,0.16894629217956617,0.16533715346271305,0.16931742376511996,0.16519897142378895,0.16505044872881516
0.1660742429155813,0.1692746226863017,0.16514491064291034,0.1697002335896266,0.1649881656994931,0.1648178244660875
0.16599847726944014,0.1696031447198558,0.1649523674263366,0.17008352659283052,0.16477738104803066,0.16458510294350728
0.16592241364205063,0.16993185677156172,0.16475952506032138,0.17046730192696585,0.1645666176621868,0.16435228493691606
0.16584605217492843,0.17026075732816748,0.164566384794833,0.17085155873997035,0.16435587573768384,0.16411937122441853
0.16576939301063298,0.17058984487184775,0.1643729478824759,0.17123629617550118,0.16414515547316,0.16388636258638326
0.16569243629276612,0.17091911788022124,0.1641792155784847,0.17162151337294626,0.16393445707013587,0.16365325980544737
0.1656151821659842,0.17124857482636904,0.1639851891407182,0.17200720946743786,0.16372378073298322,0.16342006366650855
0.1655376307759957,0.17157821417885105,0.16379086982965863,0.17239338358986303,0.16351312666890155,0.1631867749567308
0.16545978226957278,0.1719080344017234,0.16359625890840399,0.17278003486687948,0.16330249508788233,0.16295339446553941
0.1653816367945485,0.172238033954555,0.16340135764266178,0.1731671624209263,0.1630918862026853,0.16271992298462387
0.16530319449982803,0.17256821129244787,0.16320616730074858,0.1735547653702372,0.1628813002288074,0.162486361307935
0.16522445553538792,0.1728985648660478,0.16301068915357897,0.17394284282885167,0.1626707373844513,0.16225271023168264
0.16514542005228666,0.1732290931215742,0.16281492447466514,0.17433139390663344,0.1624601978904999,0.16201897055433978
0.16506608820266355,0.17355979450082828,0.16261887454010793,0.17472041770927652,0.16224968197048933,0.1617851430766374
0.1649864601397436,0.17389066744121312,0.16242254062858935,0.17510991333832113,0.1620391898505722,0.16155122860156207
0.16490653601784952,0.174221710375756,0.16222592402137212,0.17549987989116753,0.16182872175949514,0.1613172279343614
0.1648263159923953,0.17455292173312345,0.16202902600228836,0.1758903164610889,0.1616182779285711,0.16108314188253403
0.16474580021989937,0.1748842999376432,0.16183184785773538,0.17628122213724276,0.16140785859164555,0.16084897125583603
0.16466498885798578,0.1752158434093183,0.16163439087666856,0.17667259600468388,0.16119746398507057,0.16061471686627338
0.16458388206538863,0.17554755056385082,0.16143665635059734,0.17706443714438191,0.16098709434767805,0.160380379528105
0.16450248000195575,0.1758794198126615,0.16123864557356898,0.17745674463322778,0.16077674992074778,0.16014596005783627
0.1644207828286574,0.17621144956290477,0.16104035984217613,0.1778495175440541,0.16056643094798287,0.15991145927422457
0.16433879070758534,0.1765436382174939,0.16084180045553684,0.17824275494564082,0.16035613767547674,0.15967687799826827
0.16425650380195933,0.17687598417511496,0.16064296871529263,0.1786364559027341,0.16014587035168928,0.15944221705321165
0.164173922276134,0.17720848583025092,0.16044386592560025,0.1790306194760592,0.15993562922741505,0.15920747726453946
0.16409104629560214,0.1775411415732051,0.16024449339312383,0.17942524472232974,0.15972541455576045,0.158972659459978
0.1640078760269959,0.17787394979011256,0.16004485242702784,0.1798203306942661,0.15951522659210934,0.15873776446948784
0.16392441163809385,0.17820690886296803,0.1598449443389671,0.18021587644060577,0.15930506559409827,0.15850279312526555
0.16384065329782918,0.17854001716964477,0.15964477044307746,0.18061188100611875,0.15909493182158985,0.15826774626174114
0.16375660117628463,0.17887327308391313,0.15944433205597147,0.18100834343161643,0.15888482553664185,0.1580326247155715
0.1636722554447074,0.17920667497546638,0.15924363049672716,0.181405262753972,0.1586747470034832,0.1577974293256448
0.16358761627550636,0.17954022120993696,0.15904266708687811,0.1818026380061293,0.1584646964884815,0.1575621609330687
0.16350268384225972,0.1798739101489222,0.1588414431504055,0.18220046821711722,0.1582546742601211,0.1573268203811758
0.16341745831971674,0.18020774015000174,0.15863996001373107,0.18259875241206133,0.15804468058897084,0.15709140851551587
0.16333193988380793,0.18054170956676524,0.15843821900570462,0.18299748961220513,0.15783471574766156,0.1568559261838545
0.16324612871164132,0.18087581674882766,0.15823622145759464,0.18339667883491337,0.1576247800108513,0.15662037423616948
0.16316002498151483,0.18121006004185636,0.15803396870308034,0.1837963190936916,0.15741487365520954,0.1563847535246489
0.163073628872912,0.18154443778758994,0.1578314620782406,0.18419640939819837,0.15720499695937695,0.15614906490368224
0.16298694056651408,0.1818789483238651,0.1576287029215449,0.18459694875426086,0.1569951502039471,0.15591330922986715
0.1628999602442036,0.1822135899846358,0.15742569257384215,0.18499793616388532,0.15678533367143904,0.15567748736199583
0.1628126880890596,0.1825483610999955,0.15722243237834932,0.1853993706252708,0.1565755476462656,0.1554416001610569
0.16272512428537672,0.18288325999620597,0.15701892368064277,0.18580125113282883,0.15636579241471468,0.15520564849022986
0.1626372690186568,0.18321828499571402,0.15681516782864746,0.1862035766771882,0.15615606826491188,0.1549696332148827
0.1625491224756177,0.18355343441717503,0.15661116617262233,0.1866063462452147,0.15594637548680423,0.15473355520256407
0.1624606848442004,0.18388870657548495,0.1564069200651549,0.18700955882002523,0.15573671437212724,0.15449741532300484
0.16237195631356932,0.18422409978179552,0.15620243086114688,0.1874132133809961,0.1555270852143817,0.15426121444811106
0.16228293707411806,0.18455961234353516,0.15599769991779933,0.18781730890378365,0.15531748830880723,0.1540249534519555
0.1621936273174728,0.18489524256444928,0.15579272859460896,0.1882218443603337,0.1551079239523536,0.15378863321078265
0.1621040272364985,0.1852309887446057,0.15558751825334755,0.1886268187188949,0.15489839244365655,0.15355225460299488
0.16201413702530268,0.1855668491804336,0.15538207025805764,0.18903223094403637,0.1546888940830144,0.15331581850915574
0.16192395687923566,0.1859028221647371,0.15517638597503494,0.1894380799966585,0.15447942917235774,0.1530793258119758
0.16183348699490063,0.186238905986728,0.15497046677281773,0.18984436483400702,0.15426999801522503,0.15284277739631905
0.1617427275701548,0.18657509893205013,0.15476431402217516,0.19025108440968846,0.15406060091674,0.1526061741491906
0.16165167880411327,0.18691139928279765,0.15455792909609223,0.19065823767368206,0.15385123818358254,0.15236951695973258
0.16156034089715426,0.1872478053175487,0.15435131336976085,0.19106582357235394,0.15364191012396364,0.15213280671921883
0.16146871405092153,0.18758431531138706,0.15414446822056124,0.19147384104847553,0.15343261704760258,0.1518960443210527
0.16137679846833225,0.18792092753592748,0.153937395028053,0.19188228904122626,0.15322335926569947,0.15165923066075865
0.16128459435357753,0.18825764025934488,0.15373009517396238,0.19229116648622394,0.1530141370909122,0.15142236663597936
0.1611921019121269,0.1885944517463954,0.1535225700421624,0.19270047231552,0.15280495083732842,0.15118545314646464
0.16109932135073599,0.18893136025844862,0.1533148210186671,0.19311020545763016,0.15259580082044477,0.15094849109407452
0.16100625287744355,0.18926836405350533,0.15310684949161224,0.1935203648375376,0.15238668735713803,0.15071148138276488
0.16091289670158432,0.18960546138623677,0.15289865685124066,0.19393094937670954,0.15217761076564354,0.15047442491858673
0.16081925303378572,0.18994265050799836,0.15269024448989438,0.19434195799311305,0.15196857136552952,0.1502373226096786
0.1607253220859751,0.1902799296668684,0.15248161380199227,0.19475338960123034,0.1517595694776723,0.1500001753662615
0.16063110407138592,0.19061729710766517,0.1522727661840209,0.19516524311206537,0.1515506054242343,0.1497629841006296
0.16053659920455643,0.19095475107198007,0.15206370303451483,0.19557751743316543,0.1513416795286354,0.14952574972714838
0.16044180770133784,0.19129228979820367,0.15185442575404845,0.1959902114686305,0.15113279211553526,0.1492884731622434
0.16034672977889852,0.1916299115215552,0.15164493574521418,0.19640332411913072,0.15092394351080388,0.1490511553243993
