0,1,2,3,4,5
0.10217210079357317,0.1626613248957388,0.2511408305389045,0.3678857015076178,0.04527909083305538,0.07086095143110833
0.10179527581450257,0.1629158134668996,0.25136661519122117,0.3673916639355333,0.04522393739685836,0.07130669419498441
0.10141931311235572,0.16316961259076845,0.25159108128414054,0.36689614531105474,0.04516868056459373,0.07175516713708754
0.10104421178221769,0.16342271489501722,0.2518142207009195,0.36639914728559364,0.04511332019915966,0.0722063851370908
0.10066997091668949,0.16367511297780202,0.252036025301079,0.36590067151637934,0.04505785616199173,0.07266036312606078
0.10029658960593144,0.16392679940777508,0.2522564869204686,0.365400719666573,0.045002288313077156,0.07311711608617505
0.09992406693770986,0.16417776672411216,0.25247559737134934,0.3648992934054232,0.04494661651097147,0.07357665905043188
0.09955240199744315,0.1644280074365341,0.25269334844245933,0.3643963944084014,0.044890840612813475,0.07403900710235135
0.0991815938682411,0.16467751402533015,0.2529097318990907,0.36389202435733836,0.04483496047434098,0.07450417537566162
0.09881164163095604,0.16492627894138825,0.25312473948318076,0.3633861849405834,0.0447789759499072,0.0749721790539858
0.09844254436422617,0.16517429460622657,0.2533383629133921,0.362878877853149,0.04472288689249817,0.07544303337051086
0.09807430114452041,0.16542155341202688,0.25355059388519824,0.36237010479685605,0.04466669315374845,0.07591675360765177
0.09770691104618477,0.16566804772167068,0.2537614240709836,0.36185986748049537,0.044610394583959455,0.07639335509670456
0.09734037314148983,0.16591376986878162,0.2539708451201343,0.36134816761998895,0.0445539910321169,0.07687285321749043
0.0969746865006742,0.166158712157758,0.25417884865913803,0.3608350069385312,0.04449748234590786,0.07735526339798764
0.09660985019199453,0.16640286686383632,0.2543854262916921,0.36032038716677456,0.04444086837174064,0.07784060111395948
0.0962458632817688,0.16664622623311748,0.2545905695988034,0.359804310042986,0.0443841489547624,0.07832888188856416
0.09588272483442419,0.16688878248263322,0.2547942701389041,0.3592867773132019,0.04432732393887825,0.07882012129195909
0.09552043391254617,0.16713052780039667,0.2549965194479672,0.35876779073142034,0.044270393166771414,0.07931433494089787
0.09515898957692316,0.16737145434545525,0.2551973090396243,0.35824735205976443,0.04421335647992194,0.07981153849830999
0.09479839088659567,0.16761155424795623,0.255396630405286,0.3577254630686588,0.04415621371862811,0.08031174767287542
0.09443863689890196,0.16785081960920709,0.25559447501427207,0.3572021255370072,0.044098964722025034,0.08081497821858451
0.09407972666952905,0.16808924250174478,0.2557908343139428,0.35667734125238243,0.044041609328108335,0.08132124593429298
0.09372165925255693,0.1683268149694022,0.25598569972983076,0.3561511120112017,0.04398414737375253,0.08183056666325737
0.09336443370050948,0.16856352902738436,0.25617906266578383,0.3556234396189196,0.0439265786947342,0.08234295629266944
0.09300804906440183,0.1687993766623468,0.2563709145041055,0.35509432589022283,0.043868903125754054,0.08285843075317074
0.09265250439378829,0.16903434983247012,0.25656124660570584,0.354563772649216,0.0438111205004583,0.08337700601836136
0.09229779873681264,0.16926844046755057,0.25675005031025494,0.35403178172962013,0.04375323065146287,0.0838986981042963
0.09194393114025631,0.16950164046908295,0.25693731693633787,0.3534983549749816,0.04369523341037596,0.08442352306896782
0.09159090064958482,0.16973394171034845,0.2571230377816105,0.35296349423885703,0.04363712860782036,0.08495149701177779
0.09123870630900122,0.16996533603652134,0.25730720412297936,0.3524272013850391,0.043578916073459616,0.08548263607300095
0.09088734716149266,0.17019581526475233,0.25748980721675685,0.3518894782877478,0.04352059563602035,0.08601695643323268
0.09053682224887989,0.1704253711842801,0.25767083829884985,0.35135032683184764,0.04346216712331928,0.0865544743128242
0.0901871306118697,0.17065399555653601,0.25785028858493036,0.3508097489130701,0.04340363036228602,0.08709520597130851
0.0898382712900992,0.1708816801152489,0.2580281492706266,0.3502677464382174,0.04334498517898999,0.08763916770681435
0.08949024332219188,0.17110841656656814,0.2582044115317106,0.3497243213253987,0.04328623139866683,0.08818637585546425
0.08914304574580276,0.17133419658916899,0.25837906652428966,0.34917947550423195,0.04322736884574277,0.08873684679076153
0.08879667759767218,0.17155901183438665,0.2585521053850144,0.34863321091609245,0.04316839734386488,0.08929059692296878
0.08845113791367296,0.17178285392633139,0.25872351923127523,0.3480855295143299,0.04310931671592412,0.08984764269846426
0.08810642572886318,0.1720057144620288,0.25889329916141884,0.3475364332645044,0.04305012678408689,0.09040800059909804
0.08776254007753552,0.1722275850115455,0.2590614362549578,0.3469859241446209,0.0429908273698205,0.09097168714152107
0.08741947999326748,0.1724484571181302,0.259227921572797,0.34643400414536946,0.042931418293922906,0.0915387188765122
0.08707724450897553,0.17266832229836218,0.2593927461574545,0.34588067527036837,0.04287189937655213,0.09210911238828953
0.08673583265696005,0.17288717204228893,0.2595559010332947,0.3453259395364007,0.04281227043725387,0.09268288429380123
0.08639524346896187,0.17310499781358452,0.25971737720676863,0.34476979897367666,0.04275253129499317,0.09326005124201185
0.08605547597621067,0.17332179104970638,0.2598771656666504,0.344212255626075,0.04269268176818428,0.09384062991317185
0.08571652920947649,0.17353754316205092,0.2600352573842873,0.34365331155139295,0.04263272167472045,0.0944246370180691
0.0853784021991212,0.17375224553612362,0.2601916433138563,0.34309296882161866,0.04257265083200638,0.09501208929727453
0.08504109397514972,0.17396588953170505,0.26034631439261696,0.342531229523172,0.04251246905698873,0.09560300352036473
0.08470460356726228,0.17417846648303326,0.26049926154118247,0.3419680957571913,0.042452176166189765,0.09619739648513922
0.08436893000490504,0.17438996769897577,0.2606504756637886,0.3414035696397784,0.042391771975738506,0.09679528501681517
0.08403407231732116,0.1746003844632154,0.26079994764856734,0.3408376533022795,0.04233125630140368,0.09739668596721275
0.08370002953360511,0.1748097080344443,0.26094766836783506,0.34027034889155927,0.042270628958628355,0.09800161621392602
0.08336680068275151,0.1750179296465564,0.26109362867837954,0.3397016585702744,0.042209889762563776,0.09861009265947646
0.08303438479370744,0.1752250405088434,0.2612378194217484,0.3391315845171476,0.04214903852810156,0.09922213223044996
0.0827027808954276,0.1754310318062063,0.26138023142456507,0.3385601289272624,0.04208807506991249,0.0998377518766274
0.08237198801692089,0.17563589469935917,0.2615208554988169,0.3379872940123389,0.04202699920247821,0.10045696857008966
0.08204200518730606,0.17583962032504713,0.26165968244218435,0.3374130820010187,0.04196581074012899,0.10107979930431273
0.08171283143586537,0.1760421997962702,0.26179670303835656,0.3368374951391803,0.04190450949708014,0.10170626109325127
0.08138446579208977,0.17624362420250156,0.26193190805734934,0.3362605356901985,0.04184309528746722,0.10233637097039311
0.0810569072857393,0.17644388460992647,0.2620652882558561,0.3356822059352754,0.04178156792538574,0.10297014598781692
0.0807301549468887,0.17664297206167498,0.2621968343775701,0.3351025081737217,0.041719927224926616,0.10360760321521853
0.08040420780598477,0.17684087757806533,0.2623265371535348,0.33452144472327344,0.041658173000216084,0.1042487597389278
0.08007906489389374,0.17703759215685205,0.26245438730250475,0.33393901792038616,0.04159630506545321,0.10489363266091004
0.07975472524195765,0.17723310677348048,0.262580375531297,0.3333552301205625,0.041534323234950425,0.10554223909775162
0.07943118788204306,0.1774274123813487,0.2627044925351602,0.3327700836986514,0.04147222732317244,0.1061945961796242
0.07910845184659648,0.17762049991206344,0.2628267289981476,0.3321835810491752,0.041410017144776184,0.1068507210492382
0.07878651616869399,0.17781236027572583,0.2629470755935002,0.33159572458664954,0.041347692514652507,0.10751063086077878
0.07846537988209469,0.17800298436119724,0.2630655229840262,0.3310065167458935,0.04128525324796723,0.1081743427788218
0.07814504202129242,0.17819236303638408,0.26318206182250553,0.33041595998237666,0.04122269916020157,0.10884187397723724
0.07782550162156895,0.1783804871485359,0.26329668275208684,0.3298240567725374,0.041160030067196735,0.10951324163807458
0.07750675771904449,0.17856734752452758,0.26340937640669077,0.3292308096141108,0.0410972457851946,0.1101884629504287
0.07718880935073207,0.17875293497117606,0.2635201334114387,0.32863622102647977,0.041034346130882575,0.11086755510929204
0.07687165555458582,0.17893724027553226,0.2636289443830639,0.3280402935509992,0.04097133092143576,0.11155053531438539
0.07655529536955728,0.17912025420520866,0.26373579993034607,0.32744302975134576,0.04090819997456238,0.11223742076897929
0.07623972783564546,0.17930196750869526,0.26384069065456,0.32684443221386356,0.040844953108549076,0.11292822867868876
0.07592495199394776,0.17948237091568509,0.26394360714989956,0.326244503547909,0.04078159014230452,0.11362297625025447
0.07561096688671363,0.17966145513741058,0.2640445400039548,0.3256432463862047,0.04071811089540706,0.11432168069030854
0.075297771557396,0.17983921086698398,0.2641434797981582,0.32504066338519255,0.040654515188150345,0.11502435920412035
0.0749853650507014,0.1800156287797409,0.26424041710825585,0.3244367572253922,0.040590802841589495,0.1157310289943203
0.07467374641264382,0.1801906995336021,0.2643353425047899,0.3238315306117588,0.040526973677589985,0.11644170725961593
0.0743629146905948,0.18036441376942247,0.26442824655357616,0.32322498627405344,0.040463027518874595,0.1171564111934783
0.07405286893333582,0.18053676211137132,0.26451911981620274,0.3226171269672003,0.0403989641890723,0.11787515798282017
0.07374360819110844,0.18070773516729643,0.26460795285052124,0.32200795547166056,0.040334783512766814,0.11859796480664778
0.07343513151566716,0.1808773235291126,0.2646947362111685,0.3213974745938068,0.04027048531554689,0.11932484883470108
0.07312743796032893,0.1810455177731831,0.26477946045007084,0.3207856871662937,0.04020606942405533,0.12005582722606951
0.07282052658002518,0.18121230846072447,0.2648621161169734,0.3201725960484406,0.040141535666040604,0.12079091712779373
0.0725143964313532,0.18137768613820052,0.2649426937599795,0.31955820412661445,0.04007688387040782,0.121530135673449
0.07220904657262453,0.18154164133773434,0.2650211839260753,0.3189425143145961,0.040012113867269085,0.12227349998169937
0.07190447606391946,0.18170416457753338,0.2650975771617011,0.3183255295539965,0.03994722548799762,0.12302102715485481
0.07160068396713232,0.1818652463623024,0.26517186401328535,0.31770725281461937,0.03988221856527864,0.123772734277383
0.07129766934602672,0.182024877183683,0.2652440350278331,0.31708768709486806,0.039817092933164516,0.12452863841442324
0.07099543126628317,0.1821830475206907,0.26531408075348717,0.3164668354221414,0.03975184842712669,0.12528875661027264
0.07069396879554912,0.18233974784016221,0.2653819917401125,0.31584470085322053,0.0396864848841108,0.1260531058868469
0.07039328100348863,0.18249496859721112,0.26544775853989305,0.31522128647467684,0.039621002142591816,0.12682170324213776
0.0700933669618341,0.18264870023568966,0.26551137170793243,0.31459659540327867,0.03955540004262897,0.1275945656486379
0.0697942257444323,0.18280093318865887,0.2655728218028526,0.3139706307863898,0.03948967842592163,0.1283717100517482
0.06949585642729506,0.18295165787886458,0.2656320993874262,0.31334339580237835,0.0394238371358653,0.12915315336817104
0.06919825808865006,0.18310086471922632,0.2656891950291965,0.3127148936610348,0.039357876017610614,0.12993891248428174
0.06890142980898584,0.18324854411332925,0.26574409930111115,0.31208512760397833,0.03929179491811794,0.1307290042544755
