0,1,2,3,4,5
0.3579693583773113,0.09501051358156543,0.21617419309324085,0.07704004165672314,0.14005492149189566,0.11375097179926712
0.3593075540148823,0.09475765495046176,0.21579909259676863,0.07714576581696721,0.1399201151035231,0.11306981751739831
0.3606468472100008,0.0945045452686644,0.2154222542431704,0.07725079684080263,0.13978408865461936,0.1123914677827412
0.3619872153294993,0.09425119111079629,0.21504369187736774,0.07735513219907104,0.139646847393504,0.1117159220897586
0.36332863570245155,0.09399759904922256,0.21466341939602698,0.07745876939596547,0.13950839661785366,0.11104317983847853
0.36467108562180106,0.0937437756535638,0.21428145074641,0.07756170596918116,0.13936874167422228,0.11037324033482272
0.36601454234598285,0.09348972749022431,0.21389779992523436,0.07766393949006237,0.1392278879575459,0.10970610279094972
0.3673589831005615,0.09323546112191093,0.2135124809775249,0.07776546756374994,0.13908584091065185,0.1090417663256036
0.3687043850798475,0.09298098310715928,0.21312550799545926,0.07786628782931715,0.13894260602375333,0.1083802299644646
0.3700507254485465,0.09272629999985946,0.21273689511721727,0.07796639795991021,0.138798188833952,0.10772149264051686
0.37139798134337987,0.09247141834878374,0.21234665652582346,0.07806579566287904,0.1386525949247225,0.10706555319441062
0.3727461298747333,0.0922163446971162,0.21195480644799675,0.07816447867990658,0.13850582992540478,0.10641241037484389
0.37409514812828143,0.0919610855819828,0.2115613591529765,0.07826244478713335,0.13835789951068647,0.10576206283894143
0.3754450131666345,0.09170564753398269,0.21116632895137766,0.07835969179527916,0.13820880940008004,0.10511450915264647
0.37679570203097307,0.09145003707672891,0.21076973019401468,0.07845621754976072,0.13805856535740477,0.1044697477911154
0.3781471917426958,0.09119426072637721,0.21037157727074984,0.07855201993080418,0.1379071731902499,0.10382777713912344
0.37949945930503887,0.09093832499116894,0.20997188460931268,0.0786470968535546,0.1377546387494499,0.10318859549147179
0.3808524817047445,0.09068223637097202,0.2095706666741511,0.07874144626818284,0.13760096792854498,0.10255220105340704
0.38220623591366837,0.09042600135681979,0.2091679379652466,0.07883506615998456,0.13744616666324402,0.10191859194103942
0.38356069889044186,0.09016962643045963,0.20876371301695956,0.07892795454948108,0.13729024093088116,0.10128776618177718
0.3849158475821033,0.08991311806389944,0.20835800639685353,0.07902010949251079,0.13713319674987104,0.10065972171476105
0.38627165892573,0.08965648271895447,0.20795083270453127,0.07911152908032072,0.13697504017915843,0.10003445639130555
0.3876281098500761,0.0893997268468017,0.20754220657046107,0.07920221143965017,0.1368157773176682,0.09941196797534534
0.3889851772772071,0.08914285688753146,0.2071321426548082,0.07929215473281384,0.1366554143037461,0.0987922541438946
0.39034283812413423,0.08888587926970658,0.20672065564627073,0.0793813571577806,0.1364939573146054,0.09817531248750386
0.39170106930443926,0.08862880040991775,0.20630776026090425,0.07946981694824667,0.1363314125657644,0.09756114051072916
0.39305984772990854,0.0883716267123495,0.2058934712409609,0.07955753237370439,0.1361677863104762,0.09694973563260176
0.39441915031215125,0.08811436456834058,0.20547780335371457,0.07964450173951024,0.13600308483917276,0.09634109518710994
0.39577895396423407,0.08785702035595251,0.2050607713902988,0.07973072338694663,0.13583731447888817,0.09573521642368116
0.39713923560228115,0.08759960043953922,0.20464239016454344,0.07981619569327819,0.13567048159269018,0.09513209650767276
0.3984999721471086,0.08734211116931764,0.2042226745117987,0.07990091707180691,0.13550259257910127,0.09453173252086734
0.39986114052583316,0.08708455888094603,0.20380163928779135,0.07998488597192363,0.13533365387153057,0.09393412146197504
0.40122271767347745,0.08682694989510019,0.20337929936744276,0.08006810087915286,0.13516367193768714,0.09333926024713914
0.4025846805345767,0.08656929051705368,0.20295566964372372,0.0801505603151942,0.1349926532790017,0.09274714571044847
0.40394700606478284,0.08631158703626207,0.2025307650264888,0.08023226283796193,0.13482060443004573,0.09215777460445476
0.4053096712324611,0.08605384572595345,0.20210460044132375,0.08031320704161947,0.1346475319579455,0.09157114360069728
0.40667265302027533,0.08579607284271332,0.20167719082838734,0.08039339155660812,0.1344734424617921,0.09098724929022632
0.4080359284267877,0.08553827462607994,0.20124855114126503,0.08047281504967473,0.13429834257205592,0.0904060881841397
0.40939947446802843,0.08528045729814304,0.20081869634581442,0.08055147622389401,0.13412223894999717,0.08982765671412123
0.4107632681790895,0.08502262706314216,0.20038764141902646,0.08062937381868794,0.1339451382870734,0.08925195123298058
0.4121272866156766,0.08476479010706697,0.19995540134787188,0.080706506609837,0.13376704730434297,0.08867896801520402
0.41349150685568936,0.08450695259726784,0.1995219911281674,0.08078287340949467,0.13358797275187606,0.08810870325750329
0.41485590600078,0.08424912068206286,0.19908742576343613,0.08085847306619293,0.13340792140815377,0.08754115307937622
0.4162204611778972,0.08399130049035075,0.19865172026377056,0.08093330446484331,0.13322690007947277,0.08697631352366533
0.4175851495408477,0.08373349813123084,0.19821488964470735,0.08100736652673916,0.13304491559934697,0.08641418055712705
0.418949948271832,0.08347571969361843,0.19777694892609365,0.08108065820954849,0.13286197482791,0.08585475007099914
0.4203148345829692,0.0832179712458715,0.19733791313096707,0.08115317850730468,0.13267808465131167,0.08529801788157731
0.42167978571784076,0.08296025883541883,0.1968977972844347,0.08122492645039713,0.13249325198111755,0.08474397973079383
0.4230447789529985,0.08270258848838555,0.19645661641255793,0.08129590110555018,0.13230748375370996,0.08419263128679962
0.42440979159948605,0.08244496620923518,0.1960143855412368,0.08136610157580705,0.13212078692968227,0.08364396814455334
0.4257748010043335,0.082187397980402,0.19557111969511073,0.08143552700050438,0.1319331684932383,0.08309798582641106
0.42713978455206125,0.08192988976193563,0.19512683389644828,0.08150417655524322,0.13174463545158727,0.08255467978272202
0.4285047196661787,0.08167244749114635,0.19468154316405156,0.08157204945185893,0.13155519483434136,0.08201404539242589
0.4298695838106379,0.08141507708225407,0.19423526251216047,0.08163914493838428,0.13136485369290726,0.08147607796365659
0.4312343544913367,0.08115778442604246,0.1937880069493667,0.08170546229901277,0.13117361909989042,0.08094077273434859
0.4325990092575691,0.08090057538951655,0.19333979147753244,0.08177100085405417,0.13098149814848178,0.0804081248728448
0.4339635257034778,0.08064345581556329,0.19289063109070442,0.08183575995988777,0.1307884979518594,0.07987812947851046
0.43532788146950296,0.08038643152261499,0.19244054077404096,0.0818997390089122,0.13059462564257973,0.0793507815823483
0.43669205424382657,0.0801295083043233,0.19198953550275571,0.08196293742949344,0.1303998883719787,0.0788260761476202
0.43805602176378994,0.07987269192922807,0.1915376302410429,0.08202535468590626,0.13020429330956404,0.07830400807046893
0.4394197618173194,0.07961598814043522,0.1910848399410228,0.08208699027827097,0.1300078476424106,0.07778457218054027
0.44078325224433246,0.07935940265529995,0.19063117954169723,0.08214784374249343,0.12981055857456314,0.07726776324161662
0.44214647093813436,0.07910294116510938,0.1901766639678946,0.08220791465019119,0.12961243332642533,0.07675357595224441
0.44350939584681376,0.07884660933477453,0.1897213081292422,0.08226720260862756,0.129413479134169,0.07624200494637215
0.4448720049746159,0.07859041280252271,0.18926512691912456,0.08232570726063186,0.1292137032491216,0.07573304479398259
0.4462342763833131,0.07833435717959526,0.18880813521365997,0.08238342828452304,0.12901311293717316,0.0752266900017358
0.44759618819356056,0.07807844804994966,0.18835034787068178,0.08244036539402579,0.12881171547817424,0.07472293501360885
0.4489577185862443,0.07782269096996662,0.18789177972872398,0.08249651833818665,0.12860951816533875,0.07422177421154114
0.450318845803823,0.07756709146815878,0.18743244560601158,0.0825518869012834,0.12840652830464477,0.0737232019160816
0.45167954815164063,0.07731165504488753,0.18697236029946676,0.08260647090273336,0.12820275321423893,0.0732272123870347
0.4530398039992577,0.07705638717207935,0.1865115385837102,0.08266027019699765,0.12799820022384165,0.07273379982411374
0.45439959178174244,0.07680129329295247,0.18604999521007523,0.08271328467348202,0.12779287667415443,0.07224295836759353
0.455758890000962,0.07654637882174167,0.18558774490563196,0.08276551425643341,0.12758678991626454,0.07175468209896352
0.45711767722687274,0.07629164914343177,0.1851248023722143,0.08281695890483529,0.1273799473110591,0.07126896504158807
0.45847593209877335,0.076037109613493,0.1846611822854519,0.08286761861229845,0.12717235622862746,0.07078580116135899
0.4598336333265736,0.07578276555762224,0.18419689929381508,0.0829174934069477,0.12696402404768287,0.07030518436736134
0.46119075969203344,0.07552862227148772,0.18373196801766795,0.08296658335130894,0.12675495815496943,0.069827108512531
0.4625472900500034,0.07527468502048096,0.183266403048325,0.08301488854218886,0.1265451659446836,0.0693515673943222
0.4639032033296245,0.07502095903946494,0.18280021894711013,0.08306240911055163,0.1263346548178846,0.06887855475536621
0.465258478535557,0.0747674495325386,0.1823334302444404,0.08310914522139896,0.12612343218192207,0.06840806428414119
0.4666130947491762,0.07451416167279638,0.18186605143889897,0.08315509707363762,0.12591150544985238,0.06794008961563834
0.46796703112972954,0.07426110060209577,0.18139809699633136,0.08320026489995079,0.12569888203986337,0.06747462433202901
0.46932026691553813,0.07400827143082925,0.18092958134893428,0.0832446489666642,0.12548556937470146,0.06701166196333479
0.47067278142513047,0.07375567923769989,0.18046051889436932,0.08328824957360882,0.125271574881098,0.06655119598809675
0.4720245540583974,0.073503329069503,0.17999092399487143,0.0833310670539803,0.12505690598919927,0.06609321983404699
0.47337556429772804,0.07325122594091074,0.17952081097637362,0.0833731017742007,0.1248415701320058,0.0656377268787797
0.47472579170911344,0.07299937483426111,0.17905019412763717,0.08341435413376716,0.12462557474479749,0.06518471045042522
0.47607521594325986,0.07274778069935202,0.17857908769938632,0.08345482456510625,0.12440892726457796,0.06473416382831773
0.47742381673668266,0.07249644845324074,0.17810750590346153,0.08349451353342516,0.12419163512951528,0.06428608024367509
0.4787715739127776,0.07224538298004628,0.1776354629119726,0.08353342153655362,0.12397370577837938,0.0638404528802689
0.48011846738289,0.07199458913075674,0.17716297285646518,0.08357154910479188,0.12375514664999628,0.06339727487509947
0.48146447714736085,0.07174407172304179,0.17669004982708933,0.08360889680074772,0.12353596518268926,0.0629565393190692
0.4828095832965719,0.0714938355410694,0.1762167078717896,0.0836454652191773,0.12331616881373367,0.06251823925765833
0.48415376601195537,0.07124388533532534,0.1757429609954893,0.08368125498681915,0.12309576497881175,0.062082367691598785
0.485497005567019,0.07099422582244062,0.17526882315929473,0.0837162667622283,0.12287476111146786,0.0616489175775483
0.48683928232833257,0.07074486168502055,0.1747943082797021,0.08375050123560668,0.12265316464257374,0.06121788182876544
0.4881805767565061,0.07049579757147915,0.17431943022781857,0.08378395912863007,0.12243098299978343,0.06078925331578315
0.48952086940716655,0.07024703809587876,0.17384420282858568,0.08381664119427588,0.12220822360701153,0.06036302486708308
0.49086014093190417,0.06999858783777284,0.17336863986002216,0.08384854821664318,0.12198489388389024,0.05993918926976879
0.49219837207921363,0.0697504513420543,0.1728927550524604,0.08387968101077695,0.12176100124525562,0.059517739270238686
