0,1,2,3,4,5
0.1980196157250551,0.2376233408514405,0.11881216547228432,0.2871279972594222,9.900931281596347e-07,0.15841589059866973
0.4040389654204116,0.03030385674430256,0.10101049892626915,0.4343418120698258,1.0100948883138083e-06,0.03030385674430256
0.1000003999976,0.16000003999975998,0.12000027999831998,0.5599976400141599,9.999940000359995e-07,0.06000063999616001
0.6599970400177599,0.18999986000084002,0.04000075999544003,0.10000039999760002,9.999940000359997e-07,0.010000939994360034
0.5555531986674828,0.1111114478094072,0.14141429445882145,0.19191903887451184,1.010094888313808e-06,1.010094888313808e-06
0.39999860000840004,0.27999932000408007,0.06000063999616004,0.25999944000336,9.99994000036e-07,9.99994000036e-07
0.4158401039201748,0.36633544751219305,0.11881216547228435,0.09901030290909166,9.90093128159635e-07,9.90093128159635e-07
0.23999956000264,0.45999824001055994,0.09000045999724002,0.20999974000156,9.999940000359997e-07,9.999940000359997e-07
0.22999962000227997,0.5299978200130799,0.06000063999616001,0.15000009999939998,9.999940000359995e-07,0.030000819995080023
0.16000003999976,0.16000003999976,0.23999956000264,0.43999836000983994,9.999940000359997e-07,9.999940000359997e-07
0.43999836000983994,0.14000015999904003,0.09000045999724002,0.27999932000408,0.05000069999580003,9.999940000359997e-07
0.12000027999832001,0.18999986000084002,0.13000021999868003,0.45999824001055994,0.10000039999760002,9.999940000359997e-07
0.20999974000156,0.09000045999724002,0.16999998000012,0.52999782001308,9.999940000359997e-07,9.999940000359997e-07
0.25252473217334037,0.15151524334195954,0.1212123966925453,0.42424086318668774,0.05050575451057873,1.0100948883138083e-06
0.030303856744302554,0.7474712274471063,0.07070765227685488,0.13131334557568336,0.010101958978026394,0.010101958978026394
0.0707076522768549,1.0100948883138083e-06,0.25252473217334037,0.5252503520180687,0.0707076522768549,0.08080860115999297
0.11111144780940722,0.10101049892626915,0.34343327212158314,0.4141399143035496,1.0100948883138083e-06,0.03030385674430256
0.09901030290909164,9.900931281596347e-07,0.14851495931707337,0.6831652485232761,0.0495056465011099,0.019802852656320855
0.138614028035477,0.18811868444345872,0.11881216547228429,0.49504755417294544,9.900931281596345e-07,0.05940657778270623
0.23999956000264,9.999940000359997e-07,0.31999908000551996,0.3999986000084,0.03000081999508003,0.010000939994360034
0.7299966200202799,0.020000879994720035,0.08000051999688003,0.16999998000012,9.999940000359997e-07,9.999940000359997e-07
0.7128680423680653,9.90093128159635e-07,0.07920844034589895,0.2079205470066515,9.90093128159635e-07,9.90093128159635e-07
0.41999848000911993,0.04000075999544003,0.31999908000551996,0.16000003999976,0.060000639996160024,9.999940000359997e-07
0.23999956000264,9.999940000359997e-07,0.11000033999796002,0.55999764001416,9.999940000359997e-07,0.09000045999724002
0.11000033999796,0.5899974600152398,0.11000033999796,0.12000027999831998,9.999940000359995e-07,0.07000057999652001
0.18999986000084002,0.41999848000911993,0.20999974000156,0.07000057999652003,0.10000039999760002,0.010000939994360034
0.18999986000084002,0.10000039999760002,0.4899980600116399,0.20999974000156,9.999940000359997e-07,0.010000939994360034
0.46999818001092003,0.06000063999616004,0.32999902000588005,0.14000015999904006,9.99994000036e-07,9.99994000036e-07
0.6969664830314158,1.010094888313808e-06,0.1616161922250976,0.12121239669254527,1.010094888313808e-06,0.020202907861164476
0.20999974000156,0.07000057999652003,0.19999980000120002,0.50999794001236,9.999940000359997e-07,0.010000939994360034
0.12000027999832001,9.999940000359997e-07,0.17999992000048,0.6899968600188399,9.999940000359997e-07,0.010000939994360034
0.12000027999832001,0.03000081999508003,0.20999974000156,0.62999722001668,9.999940000359997e-07,0.010000939994360034
1.010094888313808e-06,0.15151524334195954,0.12121239669254529,0.5858560453168971,0.010101958978026395,0.1313133455756834
9.999940000359997e-07,0.010000939994360034,0.07000057999652003,0.4299984200094799,9.999940000359997e-07,0.4899980600116399
0.04000075999544003,0.16999998000012,0.1500000999994,0.62999722001668,0.010000939994360034,9.999940000359997e-07
0.009901921374724504,0.2277224095698441,0.08910937162749527,0.39603824135698196,9.900931281596345e-07,0.2772270659778258
0.010000939994360034,0.14000015999904003,0.14000015999904003,0.5899974600152399,0.010000939994360034,0.11000033999796002
9.900931281596347e-07,0.08910937162749528,0.17821775316186242,0.4653447603281564,9.900931281596347e-07,0.2673261346962295
0.02000087999472003,0.010000939994360032,0.030000819995080023,0.6799969200184799,0.010000939994360032,0.24999950000299992
1.010094888313808e-06,0.13131334557568336,0.20201998775764993,0.6666636363820017,1.010094888313808e-06,1.010094888313808e-06
0.010101958978026395,0.1212123966925453,0.08080860115999297,0.21212093664078804,1.0100948883138083e-06,0.575755096433759
0.01980285265632085,0.04950564650110989,0.3465335849490002,0.5346512792993309,0.01980285265632085,0.029703783937917196
0.07000057999652003,0.13000021999868003,0.38999866000803995,0.3999986000084,0.010000939994360034,9.999940000359997e-07
1.0100948883138083e-06,0.04040480562744064,0.09090955004313106,0.5858560453168971,1.0100948883138083e-06,0.2828275788227546
9.999940000359997e-07,0.09000045999724002,0.08000051999688003,0.34999890000659994,0.04000075999544003,0.43999836000983994
0.14141429445882148,0.15151524334195954,0.42424086318668774,0.25252473217334037,0.010101958978026395,0.02020290786116448
0.010000939994360034,0.04000075999544003,0.12000027999832001,0.29999920000479996,0.07000057999652003,0.45999824001055994
0.04000075999544003,0.4799981200112799,0.020000879994720035,0.45999824001055994,9.999940000359997e-07,9.999940000359997e-07
0.030303856744302558,0.19191903887451187,0.2727266299396165,0.40403896542041157,1.010094888313808e-06,0.10101049892626913
0.0693075090643026,0.15841589059866973,0.1683168218802661,0.44554289776496375,0.019802852656320855,0.13861402803547704
0.06930750906430261,0.1485149593170734,0.24752427213303688,0.24752427213303688,0.06930750906430261,0.21782147828824786
9.999940000359997e-07,0.5499977000138,0.060000639996160024,0.38999866000803995,9.999940000359997e-07,9.999940000359997e-07
0.05000069999580003,0.05000069999580003,0.04000075999544003,0.18999986000084002,9.999940000359997e-07,0.66999698001812
0.15151524334195954,0.3838370676541354,0.14141429445882148,0.3131304254721688,1.010094888313808e-06,0.010101958978026395
0.060000639996160024,0.36999878000731995,0.4799981200112799,0.07000057999652003,9.999940000359997e-07,0.020000879994720035
9.999940000359997e-07,0.51999788001272,0.29999920000479996,0.17999992000048,9.999940000359997e-07,9.999940000359997e-07
0.12871309675388068,0.2178214782882478,0.37623637879378935,0.20792054700665144,9.900931281596347e-07,0.0693075090643026
0.32999902000588,0.27999932000408,0.27999932000408,0.09000045999724002,9.999940000359997e-07,0.020000879994720035
0.14000015999904003,0.38999866000803995,0.33999896000623997,0.10000039999760002,0.03000081999508003,9.999940000359997e-07
9.99994000036e-07,0.08000051999688004,0.3499989000066,0.5699975800145201,9.99994000036e-07,9.99994000036e-07
0.01980285265632086,0.09901030290909166,0.2772270659778259,0.6039577982705054,9.90093128159635e-07,9.90093128159635e-07
9.999940000359997e-07,0.19999980000120002,0.12000027999832001,0.3599988400069599,9.999940000359997e-07,0.31999908000551996
0.05050575451057873,0.25252473217334037,0.16161619222509763,0.3737361187709973,1.0100948883138083e-06,0.16161619222509763
9.999940000359997e-07,0.17999992000048,0.22999962000228,0.4699981800109199,9.999940000359997e-07,0.12000027999832001
9.999940000359995e-07,0.16999998000011998,0.6399971600170399,0.16999998000011998,9.999940000359995e-07,0.02000087999472003
9.999940000359997e-07,0.62999722001668,0.10000039999760002,0.26999938000372,9.999940000359997e-07,9.999940000359997e-07
0.060000639996160024,0.3799987200076799,0.11000033999796002,0.43999836000983994,9.999940000359997e-07,0.010000939994360034
0.05000069999580003,0.31999908000551996,0.020000879994720035,0.60999734001596,9.999940000359997e-07,9.999940000359997e-07
0.07000057999652003,0.21999968000192,0.29999920000479996,0.3799987200076799,9.999940000359997e-07,0.03000081999508003
0.4752456916097528,0.10891123419068799,0.0495056465011099,0.2376233408514405,0.0495056465011099,0.07920844034589894
0.47474560760237816,0.30302947658903073,0.02020290786116448,0.20201998775764998,1.0100948883138083e-06,1.0100948883138083e-06
0.04000075999544003,0.27999932000408,0.17999992000048,0.30999914000515993,9.999940000359997e-07,0.18999986000084002
0.09000045999724,0.13000021999868,0.23999956000263994,0.5299978200130799,9.999940000359995e-07,0.010000939994360032
0.03000081999508003,0.29999920000479996,0.12000027999832001,0.5499977000138,9.999940000359997e-07,9.999940000359997e-07
9.999940000359997e-07,0.16000003999976,0.16999998000012,0.66999698001812,9.999940000359997e-07,9.999940000359997e-07
0.030303856744302558,0.1313133455756834,0.14141429445882148,0.3636351698878592,1.010094888313808e-06,0.33333232323844497
0.07000057999652003,0.12000027999832001,0.16999998000012,0.63999716001704,9.999940000359997e-07,9.999940000359997e-07
0.07000057999652003,0.16000003999976,0.31999908000551996,0.23999956000264,9.999940000359997e-07,0.20999974000156
0.08000051999688,0.6399971600170399,0.22999962000227997,0.02000087999472003,9.999940000359995e-07,0.030000819995080023
0.2673261346962295,0.13861402803547704,0.18811868444345875,0.24752427213303682,0.009901921374724506,0.14851495931707337
0.03000081999508003,0.10000039999760002,0.08000051999688003,0.31999908000551996,9.999940000359997e-07,0.4699981800109199
0.09183719283351324,0.10204121199257962,0.03061307787911502,0.7550984381728274,1.020401915906637e-06,0.02040905872004865
0.04000075999544003,0.16000003999976,0.24999950000299997,0.4899980600116399,0.010000939994360034,0.05000069999580003
0.03960471521951356,0.4653447603281565,0.1287130967538807,0.3564345162305967,9.90093128159635e-07,0.00990192137472451
0.03000081999508003,0.24999950000299997,0.12000027999832001,0.5999974000156,9.999940000359997e-07,9.999940000359997e-07
0.09090955004313105,0.33333232323844497,0.12121239669254529,0.4343418120698258,0.010101958978026395,0.010101958978026395
0.030000819995080023,0.2599994400033599,0.14000015999904,0.4799981200112798,0.02000087999472003,0.07000057999652001
0.03000081999508003,0.18999986000084002,0.11000033999796002,0.49999800001199995,9.999940000359997e-07,0.16999998000012
9.999940000359997e-07,0.24999950000299997,0.14000015999904003,0.60999734001596,9.999940000359997e-07,9.999940000359997e-07
0.05940657778270624,0.2178214782882478,0.17821775316186242,0.5148494167361383,0.009901921374724506,0.019802852656320855
0.010000939994360032,0.09000045999724,0.04000075999544002,0.7999962000227998,0.010000939994360032,0.05000069999580002
0.02000087999472003,0.1000003999976,0.21999968000191994,0.6199972800163198,0.010000939994360032,0.030000819995080023
0.009901921374724506,0.11881216547228432,0.13861402803547704,0.6534624546784872,0.03960471521951355,0.03960471521951355
9.999940000359995e-07,0.49999800001199984,0.09000045999724,0.35999884000695986,9.999940000359995e-07,0.05000069999580002
0.1500000999994,0.08000051999688003,0.22999962000228,0.3999986000084,0.010000939994360034,0.13000021999868003
0.019802852656320855,0.09901030290909164,0.11881216547228432,0.6039577982705053,0.009901921374724506,0.14851495931707337
0.010000939994360032,0.06000063999616001,0.11000033999796,0.7899962600224398,0.010000939994360032,0.02000087999472003
1.0100948883138083e-06,0.4343418120698258,0.1818180899913738,0.31313042547216885,1.0100948883138083e-06,0.0707076522768549
0.05050575451057872,0.19191903887451184,0.10101049892626912,0.6565626874988636,1.010094888313808e-06,1.010094888313808e-06
0.009901921374724506,0.17821775316186242,0.08910937162749528,0.594056866988909,0.11881216547228432,0.009901921374724506
0.03000081999508003,0.32999902000588,0.1500000999994,0.33999896000623997,0.010000939994360034,0.14000015999904003
0.01020503956098228,0.09183719283351327,0.3061215951739071,0.39795776760550444,1.0204019159066372e-06,0.193877384424177
9.999940000359997e-07,0.04000075999544003,0.09000045999724002,0.8599958400249599,0.010000939994360034,9.999940000359997e-07
9.999940000359997e-07,0.07000057999652003,0.07000057999652003,0.8499959000245999,0.010000939994360034,9.999940000359997e-07
9.999940000359997e-07,0.09000045999724002,0.060000639996160024,0.8399959600242399,0.010000939994360034,9.999940000359997e-07
9.999940000359997e-07,0.09000045999724002,0.020000879994720035,0.8899956600260399,9.999940000359997e-07,9.999940000359997e-07
9.999940000359997e-07,0.21999968000192,0.20999974000156,0.5499977000138,0.020000879994720035,9.999940000359997e-07
9.999940000359995e-07,0.5399977600134399,0.16999998000011998,0.27999932000407995,9.999940000359995e-07,0.010000939994360032
9.99994000036e-07,0.46999818001092003,0.21999968000192005,0.30999914000516005,9.99994000036e-07,9.99994000036e-07
9.900931281596347e-07,0.019802852656320855,0.14851495931707337,0.15841589059866973,0.009901921374724506,0.6633633859600835
1.010094888313808e-06,0.1616161922250976,0.1515152433419595,0.5454522497843447,1.010094888313808e-06,0.14141429445882145
9.999940000359997e-07,0.22999962000228,0.41999848000911993,0.32999902000588,0.020000879994720035,9.999940000359997e-07
9.999940000359997e-07,0.1500000999994,0.16000003999976,0.6899968600188399,9.999940000359997e-07,9.999940000359997e-07
0.039604715219513545,0.07920844034589893,0.08910937162749527,0.2772270659778258,0.009901921374724504,0.5049484854545419
0.05000069999580003,0.060000639996160024,0.30999914000515993,0.27999932000408,9.999940000359997e-07,0.29999920000479996
0.05050575451057873,0.25252473217334037,0.1919190388745119,0.49494750536865434,1.0100948883138083e-06,0.010101958978026395
0.09000045999724002,0.27999932000408,0.19999980000120002,0.4299984200094799,9.999940000359997e-07,9.999940000359997e-07
0.020000879994720035,0.11000033999796002,0.30999914000515993,0.32999902000588,9.999940000359997e-07,0.22999962000228
9.99994000036e-07,0.33999896000624,0.2999992000048,0.35999884000696003,9.99994000036e-07,9.99994000036e-07
9.999940000359997e-07,0.05000069999580003,0.11000033999796002,0.13000021999868003,0.020000879994720035,0.6899968600188399
9.99994000036e-07,0.28999926000444,0.6399971600170401,0.07000057999652005,9.99994000036e-07,9.99994000036e-07
9.999940000359997e-07,0.22999962000228,0.21999968000192,0.5499977000138,9.999940000359997e-07,9.999940000359997e-07
0.060000639996160024,0.09000045999724002,0.4099985400087599,0.4299984200094799,9.999940000359997e-07,0.010000939994360034
0.03000081999508003,0.11000033999796002,0.14000015999904003,0.09000045999724002,9.999940000359997e-07,0.62999722001668
0.029703783937917203,0.08910937162749528,0.14851495931707337,0.31683079110421125,0.009901921374724506,0.40593917263857837
0.13000021999868003,0.020000879994720035,0.12000027999832001,0.24999950000299997,9.999940000359997e-07,0.4799981200112799
0.07000057999652003,0.07000057999652003,0.060000639996160024,0.24999950000299997,0.24999950000299997,0.29999920000479996
0.05050575451057873,0.02020290786116448,0.22222188552392613,0.2828275788227546,0.16161619222509763,0.26262568105647843
0.02020290786116448,0.20201998775764995,0.1313133455756834,0.5050484542517925,1.010094888313808e-06,0.14141429445882148
0.08910937162749528,0.08910937162749528,0.22772240956984416,0.14851495931707337,0.019802852656320855,0.4257410352017711
0.010101958978026395,0.030303856744302558,0.050505754510578725,0.11111144780940721,1.010094888313808e-06,0.7979759718627968
0.020000879994720035,0.05000069999580003,0.17999992000048,0.08000051999688003,0.04000075999544003,0.62999722001668
9.999940000359997e-07,0.09000045999724002,0.13000021999868003,0.26999938000372,9.999940000359997e-07,0.50999794001236
0.17999992000048,0.18999986000084002,0.09000045999724002,0.16000003999976,0.04000075999544003,0.33999896000623997
9.999940000359997e-07,0.05000069999580003,0.07000057999652003,0.8199960800235199,0.010000939994360034,0.05000069999580003
9.999940000359995e-07,0.010000939994360032,0.030000819995080023,0.7499965000209998,0.010000939994360032,0.19999980000119996
1.010094888313808e-06,0.07070765227685488,0.040404805627440636,0.8888845118110394,1.010094888313808e-06,1.010094888313808e-06
9.999940000359997e-07,0.11000033999796002,0.060000639996160024,0.80999614002316,0.020000879994720035,9.999940000359997e-07
9.999940000359997e-07,0.08000051999688003,0.16999998000012,0.41999848000911993,0.020000879994720035,0.30999914000515993
9.999940000359995e-07,0.02000087999472003,0.030000819995080023,0.7699963800217198,9.999940000359995e-07,0.17999992000047996
9.999940000359997e-07,0.10000039999760002,0.33999896000623997,0.5499977000138,0.010000939994360034,9.999940000359997e-07
0.020000879994720035,0.08000051999688003,0.21999968000192,0.66999698001812,0.010000939994360034,9.999940000359997e-07
0.02000087999472003,0.06000063999616001,0.2699993800037199,0.5799975200148798,0.010000939994360032,0.06000063999616001
9.999940000359997e-07,0.03000081999508003,0.16999998000012,0.43999836000983994,0.010000939994360034,0.34999890000659994
0.010101958978026395,0.030303856744302558,0.050505754510578725,0.8686826140447633,1.010094888313808e-06,0.04040480562744064
9.999940000359997e-07,0.09000045999724002,0.11000033999796002,0.3999986000084,9.999940000359997e-07,0.3999986000084
0.02000087999472003,0.1000003999976,0.17999992000047996,0.6799969200184799,0.010000939994360032,0.010000939994360032
9.999940000359995e-07,0.07000057999652001,0.13000021999868,0.6699969800181198,0.02000087999472003,0.11000033999796
9.999940000359997e-07,0.08000051999688003,0.14000015999904003,0.45999824001055994,0.08000051999688003,0.23999956000264
0.010000939994360034,0.07000057999652003,0.14000015999904003,0.77999632002208,9.999940000359997e-07,9.999940000359997e-07
9.999940000359997e-07,0.10000039999760002,0.13000021999868003,0.6599970400177599,0.010000939994360034,0.10000039999760002
9.900931281596347e-07,0.03960471521951355,0.07920844034589894,0.8613820115920104,0.019802852656320855,9.900931281596347e-07
9.900931281596347e-07,0.019802852656320855,0.029703783937917203,0.29702892854101853,0.009901921374724506,0.6435615233968908
9.999940000359997e-07,0.060000639996160024,0.09000045999724002,0.51999788001272,0.010000939994360034,0.31999908000551996
0.010000939994360034,0.060000639996160024,0.19999980000120002,0.66999698001812,0.03000081999508003,0.03000081999508003
0.010000939994360032,0.030000819995080023,0.13000021999868,0.8099961400231598,0.010000939994360032,0.010000939994360032
1.0100948883138083e-06,0.03030385674430256,0.1212123966925453,0.4444427609529639,1.0100948883138083e-06,0.4040389654204116
9.999940000359997e-07,0.09000045999724002,0.03000081999508003,0.86999578002532,0.010000939994360034,9.999940000359997e-07
0.010000939994360034,0.12000027999832001,0.23999956000264,0.50999794001236,0.010000939994360034,0.11000033999796002
0.020000879994720035,0.04000075999544003,0.10000039999760002,0.6999968000192,9.999940000359997e-07,0.14000015999904003
9.900931281596345e-07,0.029703783937917196,0.15841589059866967,0.7821745613392395,0.009901921374724504,0.01980285265632085
0.010000939994360034,0.08000051999688003,0.34999890000659994,0.41999848000911993,9.999940000359997e-07,0.14000015999904003
9.90093128159635e-07,0.06930750906430261,0.4059391726385784,0.5247503480177348,9.90093128159635e-07,9.90093128159635e-07
0.030000819995080023,0.11000033999796,0.05000069999580002,0.12000027999831998,0.030000819995080023,0.6599970400177598
0.030303856744302558,0.02020290786116448,0.2323228344070642,0.6868655341482779,0.030303856744302558,1.010094888313808e-06
9.999940000359997e-07,0.16999998000012,0.29999920000479996,0.52999782001308,9.999940000359997e-07,9.999940000359997e-07
9.999940000359997e-07,0.09000045999724002,0.7499965000209999,0.16000003999976,9.999940000359997e-07,9.999940000359997e-07
9.900931281596345e-07,0.07920844034589893,0.23762334085144043,0.653462454678487,9.900931281596345e-07,0.029703783937917196
9.99994000036e-07,0.19999980000120005,0.31999908000552,0.47999812001128,9.99994000036e-07,9.99994000036e-07
9.999940000359997e-07,0.10000039999760002,0.16000003999976,0.73999656002064,9.999940000359997e-07,9.999940000359997e-07
9.999940000359997e-07,0.1500000999994,0.25999944000335995,0.5899974600152399,9.999940000359997e-07,9.999940000359997e-07
9.999940000359997e-07,0.14000015999904003,0.16000003999976,0.6899968600188399,9.999940000359997e-07,0.010000939994360034
9.999940000359997e-07,0.25999944000335995,0.20999974000156,0.52999782001308,9.999940000359997e-07,9.999940000359997e-07
0.019802852656320855,0.09901030290909164,0.27722706597782587,0.49504755417294555,9.900931281596347e-07,0.10891123419068799
0.21999968000192,0.16000003999976,0.13000021999868003,0.33999896000623997,0.020000879994720035,0.13000021999868003
0.07000057999652003,0.08000051999688003,0.16000003999976,0.34999890000659994,0.020000879994720035,0.31999908000551996
9.999940000359997e-07,0.03000081999508003,0.08000051999688003,0.56999758001452,0.010000939994360034,0.30999914000515993
0.05000069999580003,0.1500000999994,0.13000021999868003,0.29999920000479996,0.010000939994360034,0.3599988400069599
0.09000045999724002,0.20999974000156,0.16000003999976,0.3999986000084,0.020000879994720035,0.12000027999832001
1.010094888313808e-06,0.10101049892626912,0.22222188552392608,0.39393801653727345,1.010094888313808e-06,0.28282757882275456
9.999940000359995e-07,0.08000051999688,0.23999956000263994,0.6399971600170399,9.999940000359995e-07,0.04000075999544002
0.050505754510578725,0.18181808999137378,0.1313133455756834,0.5656541475506209,0.02020290786116448,0.050505754510578725
0.0693075090643026,0.03960471521951355,0.1683168218802661,0.3267317223858076,0.029703783937917203,0.366335447512193
0.010000939994360034,0.12000027999832001,0.24999950000299997,0.49999800001199995,0.010000939994360034,0.11000033999796002
0.010000939994360034,0.05000069999580003,0.22999962000228,0.24999950000299997,9.999940000359997e-07,0.45999824001055994
0.08000051999688003,0.08000051999688003,0.13000021999868003,0.16999998000012,0.04000075999544003,0.49999800001199995
0.03000081999508003,0.11000033999796002,0.16999998000012,0.3799987200076799,9.999940000359997e-07,0.30999914000515993
0.04000075999544003,0.12000027999832001,0.28999926000443993,0.4899980600116399,0.020000879994720035,0.04000075999544003
1.010094888313808e-06,0.07070765227685488,0.22222188552392608,0.6666636363820017,0.010101958978026394,0.030303856744302554
0.11000033999796002,0.17999992000048,0.1500000999994,0.4899980600116399,0.03000081999508003,0.04000075999544003
9.999940000359995e-07,0.04000075999544002,0.07000057999652001,0.6699969800181198,0.02000087999472003,0.19999980000119996
1.010094888313808e-06,0.050505754510578725,0.08080860115999297,0.8686826140447633,1.010094888313808e-06,1.010094888313808e-06
9.999940000359995e-07,0.06000063999616001,0.07000057999652001,0.7899962600224398,9.999940000359995e-07,0.08000051999688
9.900931281596345e-07,0.05940657778270623,0.10891123419068796,0.6237596608336979,0.009901921374724504,0.19801961572505508
9.80386389883981e-07,0.07843189157710838,0.06862802767826857,0.44117485583418137,0.009804844285229694,0.4019594002388221
0.010000939994360034,0.060000639996160024,0.060000639996160024,0.63999716001704,0.020000879994720035,0.20999974000156
0.010000939994360034,0.13000021999868003,0.12000027999832001,0.6899968600188399,0.03000081999508003,0.020000879994720035
9.999940000359997e-07,0.09000045999724002,0.20999974000156,0.56999758001452,0.010000939994360034,0.12000027999832001
9.999940000359997e-07,0.12000027999832001,0.11000033999796002,0.30999914000515993,9.999940000359997e-07,0.45999824001055994
0.010000939994360034,0.11000033999796002,0.23999956000264,0.4099985400087599,0.020000879994720035,0.20999974000156
9.999940000359997e-07,0.18999986000084002,0.16999998000012,0.63999716001704,9.999940000359997e-07,9.999940000359997e-07
0.010101958978026395,0.29292852770589267,0.1919190388745119,0.4444427609529639,1.0100948883138083e-06,0.06060670339371681
0.029703783937917203,0.009901921374724506,0.3465335849490003,0.4554438290465601,9.900931281596347e-07,0.15841589059866973
0.28999926000444,0.21999968000192005,0.16000003999976006,0.32999902000588005,9.99994000036e-07,9.99994000036e-07
9.99994000036e-07,0.41999848000912,0.13000021999868006,0.4499983000102,9.99994000036e-07,9.99994000036e-07
0.15000009999940003,0.15000009999940003,0.37999872000768004,0.24999950000300003,0.07000057999652005,9.99994000036e-07
9.999940000359997e-07,0.13000021999868003,0.44999830001019997,0.41999848000911993,9.999940000359997e-07,9.999940000359997e-07
9.999940000359997e-07,0.1500000999994,0.25999944000335995,0.5799975200148799,9.999940000359997e-07,0.010000939994360034
0.05102111619724778,0.1632653269469779,0.2959175760148407,0.43877384424176996,0.01020503956098228,0.040817097038181406
0.030303856744302558,0.20201998775764995,0.44444276095296387,0.3131304254721688,1.010094888313808e-06,0.010101958978026395
0.010000939994360034,0.17999992000048,0.12000027999832001,0.4299984200094799,0.04000075999544003,0.21999968000192
1.010094888313808e-06,1.010094888313808e-06,0.9999949495255585,1.010094888313808e-06,1.010094888313808e-06,1.010094888313808e-06
0.04040480562744064,0.05050575451057873,0.2828275788227546,0.30302947658903073,0.17171714110823574,0.15151524334195954
0.22999962000227997,0.06000063999616001,0.11000033999796,0.5199978800127198,0.010000939994360032,0.07000057999652001
0.07000057999652003,0.16000003999976,0.20999974000156,0.55999764001416,9.999940000359997e-07,9.999940000359997e-07
0.24999950000300003,9.99994000036e-07,0.40999854000876,0.31999908000552,0.020000879994720038,9.99994000036e-07
9.99994000036e-07,0.5099979400123601,0.48999806001164004,9.99994000036e-07,9.99994000036e-07,9.99994000036e-07
0.08000051999688004,0.26999938000372004,0.32999902000588005,0.31999908000552,9.99994000036e-07,9.99994000036e-07
0.03030385674430256,0.010101958978026395,0.3737361187709973,0.5151494031349305,0.03030385674430256,0.04040480562744064
9.999940000359997e-07,0.5799975200148799,0.31999908000551996,0.060000639996160024,0.03000081999508003,0.010000939994360034
0.060000639996160024,0.12000027999832001,0.19999980000120002,0.6199972800163199,9.999940000359997e-07,9.999940000359997e-07
9.999940000359997e-07,0.060000639996160024,0.66999698001812,0.26999938000372,9.999940000359997e-07,9.999940000359997e-07
0.17999992000048004,9.99994000036e-07,0.48999806001164004,0.32999902000588005,9.99994000036e-07,9.99994000036e-07
0.03030385674430256,0.05050575451057873,0.1919190388745119,0.6666636363820019,0.03030385674430256,0.03030385674430256
0.16000003999976006,0.30999914000516005,0.41999848000912,0.11000033999796005,9.99994000036e-07,9.99994000036e-07
0.2999992000048,0.25999944000336,0.24999950000300003,0.18999986000084004,9.99994000036e-07,9.99994000036e-07
0.1980196157250551,0.2376233408514405,0.15841589059866973,0.39603824135698207,9.900931281596347e-07,0.009901921374724506
0.13000021999868006,0.27999932000408007,0.11000033999796005,0.47999812001128,9.99994000036e-07,9.99994000036e-07
9.999940000359997e-07,9.999940000359997e-07,0.3799987200076799,0.60999734001596,9.999940000359997e-07,0.010000939994360034
9.99994000036e-07,0.39999860000840004,0.20999974000156005,0.16000003999976006,0.22999962000228005,9.99994000036e-07
0.010101958978026395,0.0707076522768549,0.29292852770589267,0.04040480562744064,1.0100948883138083e-06,0.5858560453168971
9.999940000359997e-07,0.060000639996160024,0.19999980000120002,0.66999698001812,0.03000081999508003,0.04000075999544003
9.999940000359995e-07,0.08000051999688,0.6399971600170399,9.999940000359995e-07,9.999940000359995e-07,0.27999932000407995
0.27999932000408,0.09000045999724002,0.25999944000335995,0.11000033999796002,0.020000879994720035,0.23999956000264
0.029703783937917203,0.18811868444345875,0.20792054700665144,0.08910937162749528,0.03960471521951355,0.44554289776496375
0.1111114478094072,1.010094888313808e-06,0.8585816651616252,1.010094888313808e-06,1.010094888313808e-06,0.030303856744302554
0.010101958978026395,0.14141429445882148,0.15151524334195954,0.49494750536865434,1.0100948883138083e-06,0.20201998775764998
9.999940000359997e-07,0.11000033999796002,0.12000027999832001,0.22999962000228,9.999940000359997e-07,0.53999776001344
9.999940000359997e-07,0.11000033999796002,0.12000027999832001,0.22999962000228,9.999940000359997e-07,0.53999776001344
0.009901921374724506,0.37623637879378935,0.20792054700665144,0.17821775316186242,0.009901921374724506,0.2178214782882478
9.900931281596347e-07,0.35643451623059663,0.14851495931707337,0.09901030290909164,0.009901921374724506,0.3861373100753857
0.0606067033937168,0.18181808999137378,0.3131304254721688,0.19191903887451187,0.010101958978026395,0.24242378329020225
0.010000939994360034,0.23999956000264,0.04000075999544003,0.11000033999796002,0.020000879994720035,0.5799975200148799
0.010000939994360034,0.23999956000264,0.04000075999544003,0.11000033999796002,0.020000879994720035,0.5799975200148799
0.17999992000048,0.04000075999544003,0.3999986000084,0.11000033999796002,0.03000081999508003,0.23999956000264
0.17999992000048,0.04000075999544003,0.3999986000084,0.11000033999796002,0.03000081999508003,0.23999956000264
9.999940000359997e-07,0.4299984200094799,0.25999944000335995,0.23999956000264,9.999940000359997e-07,0.07000057999652003
9.999940000359997e-07,0.31999908000551996,0.16999998000012,0.49999800001199995,9.999940000359997e-07,0.010000939994360034
9.999940000359997e-07,0.34999890000659994,0.26999938000372,0.22999962000228,9.999940000359997e-07,0.1500000999994
9.999940000359997e-07,0.10000039999760002,0.51999788001272,0.060000639996160024,9.999940000359997e-07,0.31999908000551996
1.010094888313808e-06,0.14141429445882148,0.3636351698878592,0.39393801653727345,0.010101958978026395,0.09090955004313105
0.010101958978026395,0.19191903887451187,0.2323228344070642,0.2323228344070642,0.010101958978026395,0.3232313743553069
0.15000009999940003,0.25999944000336,0.41999848000912,0.16999998000012007,9.99994000036e-07,9.99994000036e-07
0.030303856744302558,0.19191903887451187,0.19191903887451187,0.5858560453168971,1.010094888313808e-06,1.010094888313808e-06
0.010000939994360034,0.12000027999832001,0.3599988400069599,0.50999794001236,9.999940000359997e-07,9.999940000359997e-07
9.900931281596347e-07,0.05940657778270624,0.9108866679999922,0.029703783937917203,9.900931281596347e-07,9.900931281596347e-07
9.90093128159635e-07,0.6138587295521019,0.3564345162305967,0.029703783937917207,9.90093128159635e-07,9.90093128159635e-07
0.04000075999544003,0.18999986000084002,0.09000045999724002,0.27999932000408,9.999940000359997e-07,0.3999986000084
0.04000075999544003,0.18999986000084002,0.09000045999724002,0.27999932000408,9.999940000359997e-07,0.3999986000084
0.04000075999544003,0.18999986000084002,0.09000045999724002,0.27999932000408,9.999940000359997e-07,0.3999986000084
0.04000075999544003,0.18999986000084002,0.09000045999724002,0.27999932000408,9.999940000359997e-07,0.3999986000084
9.999940000359997e-07,0.04000075999544003,0.29999920000479996,0.41999848000911993,9.999940000359997e-07,0.23999956000264
0.029703783937917203,9.900931281596347e-07,0.18811868444345875,0.25742520341463315,9.900931281596347e-07,0.5247503480177346
0.020000879994720035,0.07000057999652003,0.12000027999832001,0.3799987200076799,9.999940000359997e-07,0.4099985400087599
0.010000939994360036,0.06000063999616004,0.8199960800235201,0.11000033999796005,9.99994000036e-07,9.99994000036e-07
9.999940000359997e-07,0.07000057999652003,0.50999794001236,0.19999980000120002,9.999940000359997e-07,0.21999968000192
9.999940000359997e-07,0.10000039999760002,0.24999950000299997,0.20999974000156,0.03000081999508003,0.4099985400087599
0.11000033999796,0.12000027999831998,0.3399989600062399,0.11000033999796,0.16000003999975998,0.16000003999975998
0.03960471521951355,0.0495056465011099,0.3069298598226149,0.17821775316186242,0.20792054700665144,0.2178214782882478
1.010094888313808e-06,0.16161619222509763,0.7373702785639683,1.010094888313808e-06,0.10101049892626913,1.010094888313808e-06
0.010000939994360034,0.060000639996160024,0.7299966200202799,0.11000033999796002,9.999940000359997e-07,0.09000045999724002
0.010000939994360034,0.24999950000299997,0.16999998000012,0.16000003999976,0.010000939994360034,0.3999986000084
0.0495056465011099,0.2871279972594222,0.15841589059866973,0.2673261346962295,0.019802852656320855,0.2178214782882478
0.09090955004313106,0.02020290786116448,0.3232313743553069,0.4646446587192401,0.05050575451057873,0.05050575451057873
9.900931281596347e-07,0.366335447512193,0.29702892854101853,0.1683168218802661,0.009901921374724506,0.15841589059866973
1.010094888313808e-06,1.010094888313808e-06,0.9999949495255585,1.010094888313808e-06,1.010094888313808e-06,1.010094888313808e-06
0.07000057999652003,0.12000027999832001,0.19999980000120002,0.36999878000731995,9.999940000359997e-07,0.23999956000264
0.010000939994360034,0.12000027999832001,0.3599988400069599,0.08000051999688003,9.999940000359997e-07,0.4299984200094799
0.010000939994360034,0.12000027999832001,0.3599988400069599,0.08000051999688003,9.999940000359997e-07,0.4299984200094799
0.27999932000408,0.07000057999652003,0.3999986000084,0.07000057999652003,9.999940000359997e-07,0.17999992000048
0.04000075999544003,0.04000075999544003,0.20999974000156,0.020000879994720035,9.999940000359997e-07,0.6899968600188399
9.999940000359995e-07,9.999940000359995e-07,0.09000045999724,0.8799957200256797,9.999940000359995e-07,0.030000819995080023
9.999940000359995e-07,0.5299978200130799,0.21999968000191994,0.18999986000083996,0.02000087999472003,0.04000075999544002
9.999940000359995e-07,0.5299978200130799,0.21999968000191994,0.18999986000083996,0.02000087999472003,0.04000075999544002
1.0100948883138083e-06,0.14141429445882148,0.4040389654204116,0.03030385674430256,0.010101958978026395,0.4141399143035496
1.0100948883138083e-06,0.05050575451057873,0.08080860115999297,0.23232283440706422,0.010101958978026395,0.6262598408494494
9.999940000359997e-07,0.24999950000299997,0.19999980000120002,0.52999782001308,9.999940000359997e-07,0.020000879994720035
9.999940000359997e-07,0.24999950000299997,0.19999980000120002,0.52999782001308,9.999940000359997e-07,0.020000879994720035
1.0100948883138083e-06,0.24242378329020228,0.10101049892626915,0.03030385674430256,1.0100948883138083e-06,0.6262598408494494
1.0100948883138083e-06,0.24242378329020228,0.10101049892626915,0.03030385674430256,1.0100948883138083e-06,0.6262598408494494
9.999940000359997e-07,0.26999938000372,0.23999956000264,0.14000015999904003,0.060000639996160024,0.28999926000443993
0.3232313743553069,0.10101049892626915,0.1818180899913738,0.14141429445882148,1.0100948883138083e-06,0.25252473217334037
1.0100948883138083e-06,0.17171714110823574,0.16161619222509763,0.1919190388745119,1.0100948883138083e-06,0.47474560760237816
9.999940000359997e-07,9.999940000359997e-07,0.63999716001704,0.26999938000372,9.999940000359997e-07,0.09000045999724002
1.0100948883138083e-06,0.02020290786116448,0.05050575451057873,0.2828275788227546,1.0100948883138083e-06,0.6464617386157256
1.0100948883138083e-06,0.02020290786116448,0.05050575451057873,0.2828275788227546,1.0100948883138083e-06,0.6464617386157256
1.0100948883138083e-06,0.02020290786116448,0.05050575451057873,0.2828275788227546,1.0100948883138083e-06,0.6464617386157256
1.0100948883138083e-06,0.02020290786116448,0.05050575451057873,0.2828275788227546,1.0100948883138083e-06,0.6464617386157256
0.029703783937917203,0.019802852656320855,0.17821775316186242,0.15841589059866973,9.900931281596347e-07,0.6138587295521017
9.999940000359997e-07,0.09000045999724002,0.26999938000372,0.24999950000299997,9.999940000359997e-07,0.38999866000803995
0.019802852656320855,0.29702892854101853,0.0495056465011099,0.019802852656320855,9.900931281596347e-07,0.6138587295521017
9.999940000359997e-07,0.05000069999580003,0.04000075999544003,0.28999926000443993,0.060000639996160024,0.55999764001416
0.039604715219513545,0.138614028035477,0.3861373100753856,0.01980285265632085,9.900931281596345e-07,0.4158401039201746
0.039604715219513545,0.138614028035477,0.3861373100753856,0.01980285265632085,9.900931281596345e-07,0.4158401039201746
0.09901030290909164,0.07920844034589894,0.27722706597782587,0.2376233408514405,0.009901921374724506,0.29702892854101853
0.020000879994720035,0.31999908000551996,0.18999986000084002,0.4299984200094799,9.999940000359997e-07,0.04000075999544003
0.029703783937917207,0.13861402803547707,0.108911234190688,0.48514662289134924,0.029703783937917207,0.2079205470066515
0.05000069999580003,0.23999956000264,0.16000003999976,0.3599988400069599,0.020000879994720035,0.16999998000012
0.020000879994720035,0.14000015999904003,0.13000021999868003,0.43999836000983994,9.999940000359997e-07,0.26999938000372
0.03000081999508003,0.13000021999868003,0.09000045999724002,0.31999908000551996,9.999940000359997e-07,0.4299984200094799
0.16999998000012,0.14000015999904003,0.26999938000372,0.31999908000551996,9.999940000359997e-07,0.10000039999760002
0.03000081999508003,0.16999998000012,0.13000021999868003,0.34999890000659994,0.010000939994360034,0.30999914000515993
0.07000057999652001,0.16000003999975998,0.22999962000227997,0.4699981800109198,9.999940000359995e-07,0.07000057999652001
0.010000939994360034,0.17999992000048,0.11000033999796002,0.24999950000299997,9.999940000359997e-07,0.44999830001019997
0.04000075999544003,0.26999938000372,0.10000039999760002,0.3799987200076799,0.010000939994360034,0.19999980000120002
0.019802852656320855,0.33663265366740397,0.10891123419068799,0.2673261346962295,0.019802852656320855,0.24752427213303682
0.020000879994720035,0.08000051999688003,0.12000027999832001,0.4799981200112799,9.999940000359997e-07,0.29999920000479996
1.010094888313808e-06,0.2323228344070642,0.11111144780940721,0.3232313743553069,1.010094888313808e-06,0.33333232323844497
0.010000939994360032,0.15000009999939998,0.16000003999975998,0.5099979400123599,0.010000939994360032,0.16000003999975998
9.900931281596347e-07,0.05940657778270624,0.07920844034589894,0.33663265366740397,9.900931281596347e-07,0.5247503480177346
0.07920844034589894,0.1683168218802661,0.11881216547228432,0.366335447512193,0.009901921374724506,0.25742520341463315
0.030000819995080023,0.14000015999904,0.16000003999975998,0.5899974600152398,0.010000939994360032,0.07000057999652001
9.900931281596347e-07,0.1980196157250551,0.14851495931707337,0.6435615233968908,9.900931281596347e-07,0.009901921374724506
0.04000075999544003,0.11000033999796002,0.16999998000012,0.32999902000588,0.010000939994360034,0.33999896000623997
1.0100948883138083e-06,0.06060670339371681,0.15151524334195954,0.21212093664078804,1.0100948883138083e-06,0.575755096433759
1.0100948883138083e-06,0.06060670339371681,0.15151524334195954,0.21212093664078804,1.0100948883138083e-06,0.575755096433759
0.009901921374724506,0.25742520341463315,0.20792054700665144,0.10891123419068799,9.900931281596347e-07,0.41584010392017473
0.009901921374724506,0.25742520341463315,0.20792054700665144,0.10891123419068799,9.900931281596347e-07,0.41584010392017473
9.999940000359997e-07,0.30999914000515993,0.07000057999652003,0.1500000999994,0.010000939994360034,0.45999824001055994
9.999940000359997e-07,0.30999914000515993,0.07000057999652003,0.1500000999994,0.010000939994360034,0.45999824001055994
0.04000075999544003,0.20999974000156,0.27999932000408,0.44999830001019997,9.999940000359997e-07,0.020000879994720035
0.04000075999544003,0.20999974000156,0.27999932000408,0.44999830001019997,9.999940000359997e-07,0.020000879994720035
0.12871309675388065,0.06930750906430258,0.10891123419068796,0.2277224095698441,0.029703783937917196,0.43564196648336734
0.029703783937917203,0.3069298598226149,0.29702892854101853,0.3267317223858076,0.019802852656320855,0.019802852656320855
