0,1,2,3,4,5
0.4444444444444445,0.21212121212121213,0.08080808080808081,0.0,0.09090909090909091,0.17171717171717174
0.46,0.41,0.05,0.0,0.05,0.03
0.68,0.1,0.09,0.01,0.05,0.07
0.23,0.7,0.03,0.0,0.03,0.01
0.21,0.52,0.06,0.0,0.21,0.0
0.52,0.41,0.02,0.0,0.05,0.0
0.36,0.41,0.18,0.0,0.05,0.0
0.62,0.24,0.09,0.0,0.05,0.0
0.63,0.26,0.03,0.0,0.05,0.03
0.52,0.16,0.26,0.0,0.06,0.0
0.38613861386138615,0.504950495049505,0.04950495049504951,0.0,0.0594059405940594,0.0
0.6799999999999999,0.14999999999999997,0.059999999999999984,0.0,0.10999999999999997,0.0
0.5700000000000001,0.22000000000000003,0.11000000000000001,0.0,0.10000000000000002,0.0
0.55,0.29,0.08,0.0,0.08,0.0
0.693069306930693,0.0891089108910891,0.04950495049504951,0.0,0.12871287128712872,0.039603960396039604
0.5500000000000002,0.08000000000000002,0.07000000000000002,0.0,0.21000000000000002,0.09000000000000001
0.51,0.12,0.13,0.0,0.21,0.03
0.702970297029703,0.09900990099009904,0.05940594059405942,0.0,0.11881188118811883,0.019801980198019806
0.65,0.14,0.06,0.0,0.09,0.06
0.41000000000000003,0.25000000000000006,0.12000000000000001,0.0,0.21000000000000002,0.010000000000000002
0.17,0.74,0.02,0.0,0.07,0.0
0.21,0.71,0.04,0.0,0.04,0.0
0.17000000000000004,0.43000000000000005,0.31000000000000005,0.0,0.09000000000000001,0.0
0.5445544554455446,0.2376237623762376,0.07920792079207921,0.0,0.04950495049504951,0.0891089108910891
0.71,0.11,0.05,0.0,0.06,0.07
0.26,0.35,0.18,0.0,0.19,0.02
0.25742574257425743,0.2079207920792079,0.06930693069306931,0.0,0.45544554455445546,0.009900990099009901
0.19,0.48,0.17,0.0,0.16,0.0
0.11111111111111112,0.6363636363636364,0.020202020202020204,0.0,0.21212121212121213,0.020202020202020204
0.5656565656565656,0.2222222222222222,0.0707070707070707,0.0,0.1313131313131313,0.0101010101010101
0.7,0.12,0.04,0.0,0.13,0.01
0.6435643564356436,0.12871287128712872,0.0594059405940594,0.009900990099009901,0.1485148514851485,0.009900990099009901
0.5757575757575758,0.0,0.08080808080808081,0.19191919191919193,0.030303030303030304,0.12121212121212122
0.38,0.0,0.04,0.1,0.02,0.46
0.6767676767676767,0.0303030303030303,0.1111111111111111,0.1515151515151515,0.0303030303030303,0.0
0.5841584158415841,0.009900990099009901,0.0594059405940594,0.04950495049504951,0.0297029702970297,0.26732673267326734
0.62,0.01,0.1,0.11,0.05,0.11
0.51,0.0,0.11,0.06,0.06,0.26
0.6868686868686869,0.0202020202020202,0.0101010101010101,0.0101010101010101,0.0202020202020202,0.2525252525252525
0.74,0.0,0.17,0.06,0.03,0.0
0.2727272727272727,0.0101010101010101,0.050505050505050504,0.0808080808080808,0.0303030303030303,0.5555555555555556
0.18811881188118812,0.019801980198019802,0.3069306930693069,0.42574257425742573,0.039603960396039604,0.019801980198019802
0.16,0.06,0.33,0.44,0.01,0.0
0.35353535353535354,0.0,0.05050505050505051,0.2828282828282829,0.030303030303030304,0.2828282828282829
0.3465346534653465,0.0,0.06930693069306931,0.1188118811881188,0.04950495049504951,0.4158415841584158
0.3,0.11,0.05,0.08,0.45,0.01
0.06,0.01,0.06,0.34,0.16,0.37
0.81,0.04,0.02,0.1,0.03,0.0
0.4444444444444445,0.030303030303030304,0.13131313131313133,0.16161616161616163,0.13131313131313133,0.10101010101010102
0.6161616161616161,0.07070707070707072,0.14141414141414144,0.0,0.030303030303030304,0.14141414141414144
0.27,0.06,0.21,0.22,0.04,0.2
0.8300000000000001,0.0,0.07000000000000002,0.08000000000000002,0.020000000000000004,0.0
0.15841584158415842,0.04950495049504951,0.0297029702970297,0.1188118811881188,0.009900990099009901,0.6336633663366337
0.59,0.14,0.11,0.11,0.04,0.01
0.29,0.06,0.42,0.17,0.04,0.02
0.41,0.0,0.19,0.33,0.07,0.0
0.34,0.12,0.28,0.11,0.08,0.07
0.32,0.29,0.23,0.11,0.04,0.01
0.36,0.14,0.29,0.16,0.05,0.0
0.48,0.0,0.24,0.23,0.05,0.0
0.63,0.02,0.16,0.08,0.11,0.0
0.23,0.0,0.1,0.4,0.01,0.26
0.55,0.05,0.12,0.1,0.03,0.15
0.6039603960396038,0.0,0.1881188118811881,0.04950495049504949,0.04950495049504949,0.10891089108910888
0.1782178217821782,0.0,0.6435643564356436,0.1485148514851485,0.009900990099009901,0.019801980198019802
0.72,0.0,0.11,0.17,0.0,0.0
0.49,0.06,0.11,0.33,0.0,0.01
0.89,0.04,0.02,0.04,0.01,0.0
0.5499999999999999,0.059999999999999984,0.27999999999999997,0.059999999999999984,0.019999999999999997,0.029999999999999992
0.28,0.48,0.02,0.09,0.05,0.08
0.46,0.46,0.01,0.05,0.02,0.0
0.49,0.05,0.13,0.07,0.06,0.2
0.54,0.09,0.2,0.14,0.02,0.01
0.69,0.03,0.1,0.16,0.02,0.0
0.56,0.0,0.17,0.26,0.01,0.0
0.42574257425742573,0.0297029702970297,0.13861386138613863,0.06930693069306931,0.009900990099009901,0.32673267326732675
0.5252525252525253,0.06060606060606061,0.10101010101010102,0.24242424242424243,0.07070707070707072,0.0
0.33000000000000007,0.07000000000000002,0.21000000000000002,0.09000000000000001,0.09000000000000001,0.21000000000000002
0.6336633663366337,0.07920792079207921,0.1782178217821782,0.0297029702970297,0.04950495049504951,0.0297029702970297
0.3,0.29,0.17,0.04,0.04,0.16
0.33,0.03,0.05,0.09,0.03,0.47
0.6565656565656566,0.09090909090909091,0.010101010101010102,0.20202020202020204,0.020202020202020204,0.020202020202020204
0.39603960396039606,0.039603960396039604,0.1782178217821782,0.297029702970297,0.04950495049504951,0.039603960396039604
0.393939393939394,0.030303030303030304,0.09090909090909091,0.47474747474747475,0.010101010101010102,0.0
0.43,0.03,0.1,0.42,0.02,0.0
0.34,0.09,0.1,0.44,0.02,0.01
0.38383838383838387,0.030303030303030304,0.10101010101010102,0.38383838383838387,0.04040404040404041,0.06060606060606061
0.28712871287128716,0.02970297029702971,0.08910891089108912,0.41584158415841593,0.009900990099009903,0.16831683168316836
0.7227722772277227,0.0,0.1188118811881188,0.1485148514851485,0.009900990099009901,0.0
0.4545454545454546,0.05050505050505051,0.15151515151515152,0.30303030303030304,0.020202020202020204,0.020202020202020204
0.71,0.01,0.04,0.18,0.01,0.05
0.62,0.02,0.17,0.12,0.04,0.03
0.7272727272727272,0.0101010101010101,0.050505050505050504,0.1313131313131313,0.0404040404040404,0.0404040404040404
0.4653465346534653,0.0,0.07920792079207921,0.38613861386138615,0.0297029702970297,0.039603960396039604
0.27,0.17,0.18,0.14,0.09,0.15
0.4158415841584158,0.019801980198019802,0.07920792079207921,0.297029702970297,0.039603960396039604,0.1485148514851485
0.6237623762376238,0.009900990099009901,0.0891089108910891,0.22772277227722773,0.0297029702970297,0.019801980198019802
0.6,0.0,0.17,0.15,0.01,0.07
0.62,0.05,0.09,0.21,0.03,0.0
0.53,0.01,0.05,0.27,0.13,0.01
0.46,0.03,0.1,0.25,0.03,0.13
0.26,0.01,0.21,0.29,0.04,0.19
0.87,0.0,0.08,0.03,0.02,0.0
0.91,0.0,0.06,0.01,0.02,0.0
0.88,0.0,0.04,0.05,0.03,0.0
0.9595959595959596,0.0,0.020202020202020204,0.020202020202020204,0.0,0.0
0.74,0.0,0.13,0.05,0.08,0.0
0.6565656565656566,0.0,0.1818181818181818,0.1616161616161616,0.0,0.0
0.66,0.0,0.2,0.13,0.01,0.0
0.07070707070707072,0.0,0.13131313131313133,0.15151515151515152,0.020202020202020204,0.6262626262626263
0.40404040404040403,0.0,0.1313131313131313,0.3232323232323232,0.0101010101010101,0.1313131313131313
0.31683168316831684,0.0,0.38613861386138615,0.26732673267326734,0.0297029702970297,0.0
0.73,0.0,0.15,0.12,0.0,0.0
0.35,0.04,0.09,0.02,0.01,0.49
0.2828282828282829,0.04040404040404041,0.04040404040404041,0.030303030303030304,0.3434343434343435,0.26262626262626265
0.45544554455445546,0.04950495049504951,0.16831683168316833,0.3069306930693069,0.009900990099009901,0.009900990099009901
0.58,0.08,0.16,0.16,0.02,0.0
0.25742574257425743,0.019801980198019802,0.09900990099009901,0.22772277227722773,0.18811881188118812,0.2079207920792079
0.54,0.0,0.24,0.19,0.03,0.0
0.14141414141414144,0.0,0.10101010101010102,0.010101010101010102,0.020202020202020204,0.7272727272727273
0.35353535353535354,0.0,0.6262626262626263,0.010101010101010102,0.010101010101010102,0.0
0.67,0.0,0.16,0.12,0.05,0.0
0.3168316831683169,0.05940594059405942,0.306930693069307,0.20792079207920797,0.09900990099009904,0.009900990099009903
0.16831683168316833,0.0297029702970297,0.1188118811881188,0.0594059405940594,0.019801980198019802,0.6039603960396039
0.34,0.03,0.11,0.08,0.04,0.4
0.17,0.13,0.1,0.09,0.02,0.49
0.3,0.08,0.05,0.19,0.06,0.32
0.31683168316831684,0.0594059405940594,0.19801980198019803,0.0297029702970297,0.10891089108910891,0.2871287128712871
0.58,0.02,0.11,0.07,0.05,0.17
0.18,0.09,0.2,0.08,0.03,0.42
0.09900990099009901,0.009900990099009901,0.04950495049504951,0.039603960396039604,0.009900990099009901,0.7920792079207921
0.12,0.02,0.1,0.03,0.1,0.63
0.31683168316831684,0.0,0.10891089108910891,0.0594059405940594,0.019801980198019802,0.49504950495049505
0.22,0.19,0.08,0.15,0.02,0.34
0.7878787878787878,0.0,0.050505050505050504,0.0909090909090909,0.0303030303030303,0.0404040404040404
0.7474747474747475,0.0,0.020202020202020204,0.020202020202020204,0.010101010101010102,0.20202020202020204
0.9405940594059405,0.0,0.039603960396039604,0.009900990099009901,0.009900990099009901,0.0
0.88,0.0,0.04,0.05,0.03,0.0
0.43,0.0,0.16,0.08,0.02,0.31
0.7524752475247525,0.0,0.0297029702970297,0.0297029702970297,0.009900990099009901,0.1782178217821782
0.4646464646464647,0.0,0.30303030303030304,0.22222222222222224,0.010101010101010102,0.0
0.65,0.02,0.18,0.12,0.03,0.0
0.5306122448979592,0.020408163265306124,0.22448979591836735,0.12244897959183673,0.04081632653061225,0.061224489795918366
0.25,0.0,0.14,0.27,0.02,0.32
0.6060606060606061,0.010101010101010102,0.04040404040404041,0.30303030303030304,0.0,0.04040404040404041
0.45454545454545453,0.0,0.0909090909090909,0.050505050505050504,0.0101010101010101,0.3939393939393939
0.7227722772277227,0.019801980198019802,0.1188118811881188,0.0594059405940594,0.06930693069306931,0.009900990099009901
0.59,0.0,0.11,0.17,0.02,0.11
0.5445544554455445,0.0,0.11881188118811878,0.04950495049504949,0.04950495049504949,0.23762376237623756
0.66,0.01,0.13,0.19,0.01,0.0
0.68,0.0,0.09,0.08,0.05,0.1
0.81,0.0,0.07,0.1,0.02,0.0
0.32,0.0,0.02,0.0,0.01,0.65
0.43,0.0,0.07,0.16,0.02,0.32
0.6363636363636364,0.010101010101010102,0.11111111111111112,0.08080808080808081,0.13131313131313133,0.030303030303030304
0.6831683168316831,0.009900990099009901,0.0891089108910891,0.16831683168316833,0.039603960396039604,0.009900990099009901
0.47,0.0,0.09,0.01,0.03,0.4
0.89,0.0,0.02,0.08,0.01,0.0
0.62,0.01,0.22,0.02,0.02,0.11
0.65,0.02,0.09,0.1,0.01,0.13
0.8118811881188118,0.0,0.12871287128712872,0.009900990099009901,0.0297029702970297,0.019801980198019802
0.49,0.01,0.31,0.01,0.04,0.14
0.5,0.0,0.25,0.01,0.24,0.0
0.2222222222222222,0.0303030303030303,0.0303030303030303,0.0303030303030303,0.0202020202020202,0.6666666666666666
0.7171717171717171,0.030303030303030304,0.18181818181818182,0.010101010101010102,0.06060606060606061,0.0
0.62,0.0,0.25,0.08,0.05,0.0
0.18,0.0,0.75,0.0,0.07,0.0
0.6435643564356436,0.0,0.12871287128712872,0.09900990099009901,0.09900990099009901,0.0297029702970297
0.66,0.0,0.21,0.03,0.1,0.0
0.79,0.0,0.15,0.05,0.01,0.0
0.7373737373737373,0.0,0.23232323232323235,0.010101010101010102,0.020202020202020204,0.0
0.65,0.0,0.13,0.18,0.03,0.01
0.7029702970297029,0.0,0.13861386138613863,0.09900990099009901,0.0594059405940594,0.0
0.3366336633663366,0.0198019801980198,0.24752475247524747,0.2673267326732673,0.029702970297029695,0.09900990099009899
0.35000000000000003,0.21000000000000002,0.09000000000000001,0.19000000000000003,0.04000000000000001,0.12000000000000001
0.29,0.07,0.12,0.18,0.03,0.31
0.46,0.0,0.06,0.18,0.02,0.28
0.31313131313131315,0.05050505050505051,0.10101010101010102,0.16161616161616163,0.030303030303030304,0.3434343434343435
0.4752475247524752,0.0891089108910891,0.13861386138613863,0.1485148514851485,0.0297029702970297,0.1188118811881188
0.36633663366336633,0.0,0.18811881188118812,0.0891089108910891,0.06930693069306931,0.2871287128712871
0.5841584158415841,0.0,0.21782178217821782,0.13861386138613863,0.019801980198019802,0.039603960396039604
0.6237623762376238,0.04950495049504951,0.10891089108910891,0.12871287128712872,0.039603960396039604,0.04950495049504951
0.21,0.06,0.13,0.24,0.04,0.32
0.40999999999999986,0.009999999999999998,0.22999999999999995,0.17999999999999997,0.059999999999999984,0.10999999999999997
0.24752475247524752,0.009900990099009901,0.1782178217821782,0.0594059405940594,0.04950495049504951,0.45544554455445546
0.18181818181818182,0.08080808080808081,0.11111111111111112,0.07070707070707072,0.04040404040404041,0.5151515151515151
0.33,0.03,0.13,0.19,0.03,0.29
0.48,0.04,0.25,0.16,0.03,0.04
0.47,0.0,0.18,0.28,0.04,0.03
0.57,0.1,0.12,0.13,0.04,0.04
0.5742574257425742,0.0,0.0594059405940594,0.1485148514851485,0.019801980198019802,0.19801980198019803
0.54,0.0,0.06,0.39,0.01,0.0
0.5959595959595959,0.0,0.05050505050505051,0.27272727272727276,0.010101010101010102,0.07070707070707072
0.63,0.0,0.09,0.06,0.02,0.2
0.44,0.0,0.05,0.09,0.02,0.4
0.44,0.01,0.05,0.28,0.02,0.2
0.6767676767676767,0.0101010101010101,0.0808080808080808,0.1717171717171717,0.0404040404040404,0.0202020202020202
0.54,0.0,0.14,0.13,0.08,0.11
0.31,0.0,0.08,0.15,0.02,0.44
0.4059405940594059,0.009900990099009901,0.1782178217821782,0.12871287128712872,0.06930693069306931,0.2079207920792079
0.74,0.0,0.11,0.09,0.06,0.0
0.71,0.01,0.14,0.04,0.04,0.06
0.45,0.03,0.28,0.03,0.06,0.15
0.5454545454545454,0.2929292929292929,0.0707070707070707,0.0,0.0909090909090909,0.0
0.87,0.0,0.12,0.0,0.01,0.0
0.4,0.15,0.18,0.0,0.27,0.0
0.45,0.0,0.27,0.09,0.19,0.0
0.7171717171717171,0.0,0.18181818181818182,0.020202020202020204,0.07070707070707072,0.010101010101010102
0.51,0.05,0.2,0.1,0.1,0.04
0.494949494949495,0.030303030303030304,0.14141414141414144,0.030303030303030304,0.29292929292929293,0.010101010101010102
0.5656565656565657,0.010101010101010102,0.08080808080808081,0.05050505050505051,0.08080808080808081,0.21212121212121213
0.0,0.0,0.95,0.05,0.0,0.0
0.32,0.04,0.15,0.05,0.29,0.15
0.5757575757575757,0.23232323232323235,0.08080808080808081,0.010101010101010102,0.030303030303030304,0.07070707070707072
0.72,0.07,0.2,0.01,0.0,0.0
0.31999999999999995,0.24999999999999994,0.33999999999999997,0.029999999999999992,0.059999999999999984,0.0
0.51,0.0,0.25,0.0,0.24,0.0
0.5700000000000001,0.08000000000000002,0.18000000000000002,0.04000000000000001,0.13000000000000003,0.0
0.4949494949494949,0.0303030303030303,0.2424242424242424,0.050505050505050504,0.1414141414141414,0.0404040404040404
0.6138613861386139,0.0,0.24752475247524752,0.0297029702970297,0.09900990099009901,0.009900990099009901
0.62,0.06,0.17,0.12,0.03,0.0
0.21212121212121213,0.0,0.19191919191919193,0.12121212121212122,0.47474747474747475,0.0
0.25999999999999995,0.17999999999999997,0.3899999999999999,0.06999999999999999,0.09999999999999998,0.0
0.6565656565656566,0.0303030303030303,0.1111111111111111,0.0606060606060606,0.1111111111111111,0.0303030303030303
0.42,0.16,0.15,0.0,0.27,0.0
0.45,0.3,0.24,0.0,0.01,0.0
0.6336633663366337,0.19801980198019803,0.13861386138613863,0.0,0.019801980198019802,0.009900990099009901
0.76,0.13,0.11,0.0,0.0,0.0
0.61,0.0,0.26,0.02,0.1,0.01
0.5353535353535354,0.0,0.20202020202020204,0.030303030303030304,0.23232323232323235,0.0
0.09900990099009901,0.009900990099009901,0.24752475247524752,0.0297029702970297,0.039603960396039604,0.5742574257425742
0.5555555555555555,0.0,0.16161616161616157,0.18181818181818177,0.060606060606060594,0.040404040404040394
0.06060606060606061,0.0,0.41414141414141414,0.30303030303030304,0.030303030303030304,0.19191919191919193
0.2,0.27,0.16,0.04,0.09,0.24
0.25742574257425743,0.0297029702970297,0.12871287128712872,0.039603960396039604,0.10891089108910891,0.43564356435643564
0.0,0.1,0.7,0.12,0.05,0.03
0.31,0.01,0.09,0.35,0.05,0.19
0.15151515151515152,0.0,0.06060606060606061,0.19191919191919193,0.05050505050505051,0.5454545454545455
0.15151515151515152,0.0,0.06060606060606061,0.19191919191919193,0.05050505050505051,0.5454545454545455
0.48514851485148514,0.009900990099009901,0.10891089108910891,0.09900990099009901,0.0891089108910891,0.2079207920792079
0.4257425742574256,0.0,0.09900990099009899,0.04950495049504949,0.04950495049504949,0.3762376237623762
0.27722772277227725,0.0594059405940594,0.297029702970297,0.12871287128712872,0.009900990099009901,0.22772277227722773
0.32323232323232326,0.010101010101010102,0.030303030303030304,0.030303030303030304,0.020202020202020204,0.5858585858585859
0.32323232323232326,0.010101010101010102,0.030303030303030304,0.030303030303030304,0.020202020202020204,0.5858585858585859
0.14,0.18,0.06,0.03,0.36,0.23
0.14,0.18,0.06,0.03,0.36,0.23
0.42,0.0,0.2,0.27,0.04,0.07
0.38383838383838387,0.0,0.12121212121212122,0.4444444444444445,0.04040404040404041,0.010101010101010102
0.58,0.0,0.23,0.15,0.04,0.0
0.16,0.0,0.46,0.32,0.06,0.0
0.47,0.0,0.28,0.07,0.09,0.09
0.3799999999999999,0.009999999999999998,0.18999999999999995,0.059999999999999984,0.039999999999999994,0.31999999999999995
0.42000000000000004,0.15000000000000002,0.32000000000000006,0.010000000000000002,0.10000000000000002,0.0
0.7722772277227723,0.0297029702970297,0.18811881188118812,0.0,0.009900990099009901,0.0
0.5700000000000001,0.010000000000000002,0.2700000000000001,0.07000000000000002,0.08000000000000002,0.0
0.0707070707070707,0.0,0.7474747474747474,0.0404040404040404,0.1414141414141414,0.0
0.64,0.0,0.32,0.01,0.03,0.0
0.39,0.04,0.05,0.09,0.03,0.4
0.39,0.04,0.05,0.09,0.03,0.4
0.39,0.04,0.05,0.09,0.03,0.4
0.39,0.04,0.05,0.09,0.03,0.4
0.44,0.0,0.23,0.03,0.06,0.24
0.14,0.03,0.16,0.12,0.03,0.52
0.44554455445544555,0.019801980198019802,0.0891089108910891,0.009900990099009901,0.0297029702970297,0.4059405940594059
0.11111111111111112,0.010101010101010102,0.22222222222222224,0.06060606060606061,0.5959595959595959,0.0
0.11,0.0,0.45,0.15,0.06,0.23
0.29,0.0,0.18,0.02,0.1,0.41
0.18,0.11,0.24,0.06,0.25,0.16
0.16,0.04,0.17,0.12,0.3,0.21
0.16161616161616163,0.0,0.393939393939394,0.0,0.4444444444444445,0.0
0.17821782178217818,0.0099009900990099,0.35643564356435636,0.0396039603960396,0.3267326732673267,0.08910891089108909
0.24000000000000002,0.010000000000000002,0.09000000000000001,0.21000000000000002,0.08000000000000002,0.37000000000000005
0.33333333333333337,0.05050505050505051,0.09090909090909091,0.23232323232323235,0.08080808080808081,0.21212121212121213
0.02,0.09,0.25,0.5,0.09,0.05
0.52,0.0,0.13,0.02,0.17,0.16
0.0,0.0,1.0,0.0,0.0,0.0
0.31683168316831684,0.06930693069306931,0.1485148514851485,0.1782178217821782,0.04950495049504951,0.2376237623762376
0.14,0.01,0.27,0.06,0.09,0.43
0.14,0.01,0.27,0.06,0.09,0.43
0.11,0.28,0.4,0.02,0.0,0.19
0.04950495049504951,0.039603960396039604,0.1485148514851485,0.019801980198019802,0.0594059405940594,0.6831683168316831
0.86,0.0,0.09,0.01,0.01,0.03
0.6732673267326733,0.0,0.2079207920792079,0.0594059405940594,0.019801980198019802,0.039603960396039604
0.6732673267326733,0.0,0.2079207920792079,0.0594059405940594,0.019801980198019802,0.039603960396039604
0.1717171717171717,0.0,0.2525252525252525,0.0303030303030303,0.1414141414141414,0.40404040404040403
0.18,0.0,0.07,0.04,0.04,0.67
0.6732673267326733,0.0,0.24752475247524752,0.019801980198019802,0.0297029702970297,0.0297029702970297
0.6732673267326733,0.0,0.24752475247524752,0.019801980198019802,0.0297029702970297,0.0297029702970297
0.27,0.0,0.08,0.01,0.02,0.62
0.27,0.0,0.08,0.01,0.02,0.62
0.4,0.0,0.24,0.02,0.05,0.29
0.14,0.35,0.18,0.02,0.04,0.27
0.21,0.0,0.19,0.06,0.0,0.54
0.27,0.0,0.64,0.0,0.0,0.09
0.30303030303030304,0.0,0.05050505050505051,0.0,0.0,0.6464646464646465
0.30303030303030304,0.0,0.05050505050505051,0.0,0.0,0.6464646464646465
0.30303030303030304,0.0,0.05050505050505051,0.0,0.0,0.6464646464646465
0.30303030303030304,0.0,0.05050505050505051,0.0,0.0,0.6464646464646465
0.17,0.03,0.09,0.0,0.09,0.62
0.24242424242424243,0.0,0.27272727272727276,0.0,0.05050505050505051,0.43434343434343436
0.31,0.02,0.02,0.0,0.03,0.62
0.31683168316831684,0.0,0.04950495049504951,0.0,0.06930693069306931,0.5643564356435643
0.1485148514851485,0.0297029702970297,0.3564356435643564,0.009900990099009901,0.04950495049504951,0.4059405940594059
0.1485148514851485,0.0297029702970297,0.3564356435643564,0.009900990099009901,0.04950495049504951,0.4059405940594059
0.33,0.1,0.21,0.0,0.07,0.29
0.6666666666666666,0.0101010101010101,0.1414141414141414,0.0909090909090909,0.050505050505050504,0.0404040404040404
0.59,0.03,0.09,0.06,0.02,0.21
0.5544554455445545,0.04950495049504951,0.12871287128712872,0.06930693069306931,0.0297029702970297,0.16831683168316833
0.5454545454545454,0.020202020202020197,0.0707070707070707,0.0505050505050505,0.0505050505050505,0.2626262626262626
0.39603960396039606,0.0297029702970297,0.07920792079207921,0.06930693069306931,0.009900990099009901,0.4158415841584158
0.46,0.17,0.23,0.01,0.03,0.1
0.5252525252525253,0.030303030303030304,0.09090909090909091,0.0,0.04040404040404041,0.31313131313131315
0.49,0.07,0.18,0.15,0.04,0.07
0.42424242424242425,0.010101010101010102,0.07070707070707072,0.010101010101010102,0.030303030303030304,0.4545454545454546
0.63,0.04,0.07,0.02,0.03,0.21
0.41,0.02,0.08,0.21,0.03,0.25
0.5544554455445545,0.019801980198019802,0.10891089108910891,0.009900990099009901,0.019801980198019802,0.2871287128712871
0.49,0.0,0.11,0.04,0.01,0.35
0.6464646464646464,0.0101010101010101,0.1212121212121212,0.0303030303030303,0.0404040404040404,0.1515151515151515
0.37,0.0,0.07,0.02,0.02,0.52
0.47000000000000003,0.08000000000000002,0.09000000000000001,0.08000000000000002,0.020000000000000004,0.26000000000000006
0.6831683168316831,0.0297029702970297,0.10891089108910891,0.06930693069306931,0.039603960396039604,0.06930693069306931
0.7920792079207921,0.0,0.09900990099009901,0.04950495049504951,0.04950495049504951,0.009900990099009901
0.3899999999999999,0.039999999999999994,0.11999999999999997,0.04999999999999999,0.059999999999999984,0.33999999999999997
0.18,0.0,0.11,0.06,0.04,0.61
0.18,0.0,0.11,0.06,0.04,0.61
0.1485148514851485,0.009900990099009901,0.039603960396039604,0.21782178217821782,0.16831683168316833,0.4158415841584158
0.1485148514851485,0.009900990099009901,0.039603960396039604,0.21782178217821782,0.16831683168316833,0.4158415841584158
0.44,0.0,0.06,0.02,0.02,0.46
0.44,0.0,0.06,0.02,0.02,0.46
0.56,0.04,0.18,0.1,0.1,0.02
0.56,0.04,0.18,0.1,0.1,0.02
0.2828282828282829,0.13131313131313133,0.07070707070707072,0.020202020202020204,0.04040404040404041,0.4545454545454546
0.57,0.03,0.24,0.07,0.07,0.02
0.49,0.02,0.11,0.12,0.03,0.23
0.47000000000000003,0.020000000000000004,0.19000000000000003,0.20000000000000004,0.010000000000000002,0.11000000000000001
0.4752475247524752,0.0297029702970297,0.09900990099009901,0.009900990099009901,0.0297029702970297,0.3564356435643564
0.33,0.02,0.11,0.04,0.04,0.46
0.5,0.01,0.14,0.16,0.08,0.11
0.32,0.01,0.18,0.16,0.02,0.31
0.24752475247524752,0.0,0.3564356435643564,0.019801980198019802,0.0891089108910891,0.2871287128712871
0.36,0.0,0.07,0.0,0.04,0.53
0.21,0.0,0.06,0.01,0.04,0.68
0.6039603960396039,0.06930693069306931,0.15841584158415842,0.04950495049504951,0.039603960396039604,0.07920792079207921
0.23,0.08,0.06,0.0,0.02,0.61
0.4343434343434343,0.0,0.1212121212121212,0.0,0.0404040404040404,0.40404040404040403
0.34,0.07,0.1,0.07,0.05,0.37
0.23232323232323235,0.05050505050505051,0.11111111111111112,0.010101010101010102,0.020202020202020204,0.5757575757575757
0.18,0.01,0.06,0.01,0.03,0.71
0.35353535353535354,0.21212121212121213,0.21212121212121213,0.020202020202020204,0.10101010101010102,0.10101010101010102
0.44,0.03,0.23,0.02,0.11,0.17
0.7474747474747474,0.0101010101010101,0.0707070707070707,0.0606060606060606,0.0808080808080808,0.0303030303030303
0.12,0.0,0.04,0.02,0.02,0.8
0.12,0.0,0.04,0.02,0.02,0.8
0.3,0.01,0.02,0.04,0.01,0.62
0.16,0.01,0.05,0.01,0.02,0.75
0.16,0.01,0.05,0.01,0.02,0.75
0.2,0.01,0.04,0.06,0.02,0.67
0.5200000000000001,0.0,0.18000000000000002,0.14000000000000004,0.07000000000000002,0.09000000000000001
0.68,0.01,0.08,0.12,0.03,0.08
0.6900000000000001,0.0,0.12000000000000001,0.10000000000000002,0.08000000000000002,0.010000000000000002
0.53,0.15,0.09,0.11,0.07,0.05
0.65,0.0,0.09,0.18,0.03,0.05
0.5346534653465347,0.019801980198019802,0.10891089108910891,0.06930693069306931,0.039603960396039604,0.22772277227722773
0.5346534653465347,0.019801980198019802,0.10891089108910891,0.06930693069306931,0.039603960396039604,0.22772277227722773
0.4158415841584158,0.0594059405940594,0.10891089108910891,0.0297029702970297,0.039603960396039604,0.3465346534653465
0.13131313131313133,0.0,0.05050505050505051,0.010101010101010102,0.030303030303030304,0.7777777777777778
0.13131313131313133,0.0,0.05050505050505051,0.010101010101010102,0.030303030303030304,0.7777777777777778
0.23232323232323235,0.010101010101010102,0.09090909090909091,0.13131313131313133,0.20202020202020204,0.33333333333333337
0.33333333333333326,0.040404040404040394,0.202020202020202,0.060606060606060594,0.0707070707070707,0.2929292929292929
0.33333333333333337,0.030303030303030304,0.20202020202020204,0.020202020202020204,0.09090909090909091,0.32323232323232326
0.3939393939393939,0.1616161616161616,0.1717171717171717,0.0404040404040404,0.0808080808080808,0.1515151515151515
0.12,0.09,0.08,0.09,0.05,0.57
0.3,0.05,0.05,0.03,0.05,0.52
0.0594059405940594,0.0594059405940594,0.07920792079207921,0.019801980198019802,0.0891089108910891,0.693069306930693
