0,1,2,3,4,5
0.2041766114295,0.15358516755267657,0.1578390936596088,0.18542642964858425,0.18162284503742016,0.11734985267221182
0.2035958607939234,0.15381676229872082,0.15800652938015894,0.18517408202693922,0.18142012998839474,0.11798663551186304
0.20301544248444403,0.15404750772053685,0.15817306822155708,0.18492071627541973,0.18121668232602864,0.11862658297201122
0.20243535857762118,0.15427739574546448,0.15833870380374404,0.1846663336826069,0.18101250169301986,0.11926970649754413
0.20185561115843256,0.15450641828194525,0.15850342973476628,0.1844109355593387,0.18080758774200595,0.11991601752350935
0.20127620232032506,0.15473456721977916,0.1586672396109781,0.1841545232388308,0.1806019401357072,0.12056552747437956
0.20069713416526092,0.15496183443036568,0.15883012701723218,0.1838970980767906,0.18039555854705236,0.12121824776329947
0.20011840880376583,0.15518821176696032,0.15899208552707975,0.1836386614515449,0.18018844265932343,0.12187418979132789
0.1995400283549774,0.15541369106492495,0.1591531087029796,0.18337921476415084,0.17998059216628914,0.12253336494667424
0.1989619949466973,0.15563826414199922,0.15931319009650513,0.18311875943852404,0.1797720067723517,0.12319578460392512
0.19838431071542711,0.1558619227985522,0.15947232324854432,0.18285729692155145,0.17956268619267185,0.12386146012325394
0.19780697780643228,0.15608465881786085,0.15963050168952703,0.18259482868321797,0.1793526301533235,0.12453040284964073
0.1972299983737789,0.15630646396637699,0.15978771893963,0.18233135621672397,0.17914183839142625,0.1252026241120646
0.19665337458038779,0.1565273299940083,0.15994396850900663,0.1820668810386094,0.17893031065529147,0.12587813522269936
0.19607710859807814,0.1567472486343938,0.16009924389800093,0.18180140468886727,0.17871804670456243,0.12655694747609467
0.19550120260762338,0.15696621160519805,0.16025353859738406,0.18153492873107968,0.1785050463103617,0.12723907214835445
0.1949256587987879,0.15718421060838778,0.16040684608857483,0.18126745475252362,0.1782913092554287,0.1279245204962988
0.19435047937038627,0.157401237330536,0.16055915984387853,0.1809989843642992,0.17807683533427263,0.12861330375662516
0.19377566653032485,0.15761728344311685,0.16071047332672797,0.1807295192014591,0.17786162435331396,0.12930543314505857
0.19320122249565028,0.1578323406028042,0.16086077999191256,0.18045906092311487,0.17764567613103036,0.13000091985548695
0.19262714949259963,0.15804640045178406,0.1610100732858354,0.18018761121257507,0.17742899049810865,0.13069977505909855
0.19205344975664823,0.15825945461805946,0.1611583466467472,0.1799151717774566,0.17721156729758722,0.13140200990350354
0.19148012553255275,0.15847149471576813,0.1613055935050099,0.1796417443498123,0.17699340638501054,0.13210763551184748
0.19090717907440535,0.15868251234550318,0.1614518072833427,0.17936733068625288,0.176774507628575,0.1328166629819193
0.19033461264567647,0.15889249909463515,0.16159698139708586,0.1790919325680706,0.17655487090928357,0.13352910338524776
0.18976242851926328,0.15910144653764066,0.16174110925445553,0.17881555180135789,0.17633449612109298,0.1342449677661899
0.18919062897753694,0.1593093462364346,0.16188418425681583,0.17853819021713452,0.17611338317106562,0.13496426714101076
0.1886192163123899,0.15951618974070886,0.16202619979894622,0.1782598496714703,0.17589153197952986,0.13568701249695644
0.18804819282528012,0.15972196858827165,0.16216714926930859,0.1779805320456045,0.17566894248022105,0.13641321479131233
0.18747756082728292,0.1599266743053976,0.1623070260503322,0.177700239246073,0.17544561462044875,0.13714288495046376
0.18690732263913146,0.16013029840717283,0.16244582351868678,0.17741897320483085,0.175221548361245,0.1378760338689333
0.18633748059126307,0.16033283239785684,0.16258353504556985,0.17713673587937015,0.17499674367751875,0.13861267240842184
0.18576803702386954,0.16053426777123678,0.1627201539969925,0.1768535292528493,0.17477120055821585,0.1393528113968348
0.18519899428694023,0.16073459601099496,0.16285567373407236,0.1765693553342156,0.17454491900647648,0.14009646162730033
0.1846303547403054,0.16093380859107684,0.162990087613326,0.17628421615832254,0.17431789903978934,0.14084363385717955
0.18406212075368028,0.1611318969760674,0.16312338898696777,0.1759981137860575,0.17409014069015613,0.14159433880706745
0.18349429470671763,0.16132885262156546,0.16325557120321882,0.1757110503044661,0.17386164400424492,0.142348587159786
0.18292687898904036,0.16152466697456888,0.16338662760660175,0.17542302782686842,0.1736324090435533,0.14310638955936728
0.1823598760002917,0.16171933147386455,0.16351655153826297,0.1751340484929868,0.17340243588456805,0.1438677566100271
0.18179328815017987,0.1619128375504161,0.16364533633627532,0.17484411446906697,0.17317172461892724,0.1446326988751317
0.1812271178585176,0.16210517662776758,0.16377297533596907,0.17455322794800143,0.1729402753535839,0.14540122687615797
0.18066136755526804,0.16229634012244123,0.1638994618702412,0.17426139114945147,0.17270808821096367,0.1461733510916381
0.18009603968057827,0.16248631944434092,0.1640247892698876,0.173968606319961,0.17247516332913002,0.14694908195609654
0.1795311366848394,0.16267510599717702,0.16414895086393766,0.1736748757330978,0.17224150086195533,0.1477284298589957
0.17896666102870273,0.16286269117886587,0.16427193997997155,0.17338020168955018,0.17200710097927185,0.1485114051436364
0.17840261518314396,0.16304906638196695,0.16439374994447836,0.173084586517271,0.1717719638670501,0.14929801810609108
0.17783900162948965,0.16323422299409487,0.16451437408318353,0.17278803257158407,0.17153608972755388,0.15008827899409652
0.1772758228594587,0.16341815239836194,0.16463380572139905,0.17249054223530794,0.17129947877951462,0.15088219800595665
0.1767130813752078,0.1636008459738092,0.16475203818437517,0.17219211791888417,0.17106213125829542,0.15167978528942827
0.17615077968936127,0.16378229509584813,0.1648690647976479,0.1718927620604866,0.170824047416054,0.1524810509405988
0.17558892032505966,0.16396249113670514,0.16498487888740535,0.17159247712614936,0.170585227521921,0.15328600500276018
0.17502750581598361,0.16414142546587343,0.16509947378084036,0.1712912656098811,0.17034567186215674,0.1540946574652644
0.1744665387064041,0.16431908945056897,0.1652128428065227,0.1709891300337874,0.17010538074032747,0.15490701826238676
0.17390602155121107,0.1644954744561924,0.16532497929476786,0.17068607294819121,0.1698643544774765,0.15572309727216285
0.17334595691595028,0.1646705718467894,0.16543587657800807,0.17038209693174133,0.16962259341228764,0.15654290431522583
0.1727863473768593,0.16484437298552776,0.1655455279911701,0.1700772045915463,0.16938009790125838,0.15736644915363848
0.1722271955209008,0.16501686923517161,0.16565392687206462,0.16977139856327791,0.16913686831887528,0.1581937414897095
0.1716685039457987,0.16518805195855613,0.1657610665617638,0.16946468151129626,0.1688929050577809,0.1590247909648065
0.17111027526006425,0.1653579125190805,0.16586694040499447,0.16915705612876167,0.1686482085289434,0.15985960715815573
0.170552512083038,0.16552644228119415,0.16597154175053636,0.1688485251377526,0.1684027791618381,0.16069819958564135
0.16999521704491038,0.1656936326108946,0.16607486395161175,0.16853909128938035,0.1681566174046096,0.1615405776985889
0.16943839278676306,0.16585947487622674,0.16617690036629956,0.16822875736390908,0.16790972372425253,0.1623867508825451
0.16888204196058929,0.16602396044778947,0.16627764435793368,0.16791752617086142,0.16766209860678197,0.16323672845604512
0.16832616722932583,0.16618708069924304,0.166377089295516,0.1676054005491346,0.16741374255740607,0.16409051966937718
0.16777077126688347,0.16634882700782805,0.16647522855413235,0.1672923833671197,0.16716465610070433,0.16494813370333405
0.16721585675817144,0.16650919075488715,0.16657205551537177,0.16697847752280587,0.1669148397807987,0.16580957966796422
0.16666142639912712,0.16666816332638876,0.1666675635677519,0.16666368594389747,0.16666429416153153,0.16667486660130493
0.16610748289673402,0.16682573611345794,0.16676174610714006,0.16634801158792065,0.16641301982663648,0.167544003468111
0.16555402896905505,0.1669819005129104,0.16685459653719337,0.16603145744233946,0.16616101737991873,0.16841699915858277
0.16500106734524952,0.16713664792779778,0.16694610826978837,0.16571402652465606,0.1659082874454286,0.16929386248707776
0.16444860076559975,0.1672899697679509,0.16703627472546403,0.16539572188253138,0.1656548306676372,0.17017460219081623
0.16389663198152876,0.16744185745052986,0.16712508933386483,0.16507654659388088,0.1654006477116131,0.1710592269285826
0.16334516375562333,0.1675923024005833,0.1672125455341903,0.16475650376698767,0.16514573926319873,0.1719477452794153
0.16279419886165422,0.1677412960516056,0.16729863677564727,0.1644355965406098,0.1648901060291884,0.17284016574129515
0.162243740084591,0.16788882984610393,0.16738335651790356,0.164113828084081,0.1646337487375024,0.17373649672981703
0.16169379022062275,0.16803489523617302,0.16746669823155577,0.16379120159741964,0.16437666813736787,0.1746367465768638
0.1611443520771712,0.16817948368406513,0.16754865539858557,0.16346772031142445,0.16411886499949008,0.17554092352926345
0.16059542847290983,0.16832258666277727,0.1676292215128375,0.16314338748778678,0.16386034011623637,0.17644903574745238
0.16004702223777437,0.16846419565663265,0.16770839008048483,0.16281820641918357,0.16360109430180864,0.17736109130411526
0.15949913621297518,0.16860430216187322,0.16778615462051163,0.16249218042938088,0.16334112839242354,0.178277098182834
0.15895177325101295,0.16874289768725823,0.16786250866519234,0.1621653128733336,0.16308044324648696,0.17919706427671592
0.15840493621568355,0.16887997375465943,0.16793744576057928,0.16183760713728,0.162819039744774,0.18012099738702278
0.15785862798209152,0.16901552189967545,0.16801095946698938,0.16150906663884346,0.16255691879060652,0.18104890522179523
0.1573128514366539,0.16914953367223326,0.16808304335950175,0.16117969482712077,0.16229408131002535,0.18198079539446266
0.1567676094771129,0.16928200063721305,0.168153691028451,0.1608494951827878,0.16203052825197908,0.1829166754224558
0.1562229050125338,0.16941291437506084,0.16822289607993507,0.16051847121817864,0.16176626058848667,0.1838565527258018
0.15567874096331422,0.16954226648242232,0.16829065213631625,0.16018662647739076,0.16150127931482813,0.1848004346257284
0.15513512026118295,0.16967004857276516,0.168356952836732,0.15985396453636436,0.16123558544970928,0.18574832834324395
0.15459204584920627,0.16979625227702075,0.1684217918376138,0.15952048900298044,0.1609691800354497,0.1867002409977269
0.15404952068178152,0.16992086924422295,0.16848516281320083,0.15918620351714496,0.16070206413815316,0.18765617960550152
0.15350754772463812,0.1700438911421471,0.16854705945605766,0.15885111175087055,0.16043423884788321,0.18861615107840413
0.15296612995483785,0.1701653096579711,0.16860747547761412,0.15851521740837263,0.16016570527884408,0.18958016222235857
0.15242527036076498,0.17028511649892292,0.16866640460868232,0.15817852422614287,0.15989646456955434,0.19054821973593114
0.1518849719421252,0.1704033033929395,0.1687238405999967,0.15784103597303692,0.15962651788302168,0.1915203302088821
0.15134523770993144,0.1705198620893306,0.16877977722274942,0.15750275645035006,0.1593558664069187,0.19249650012072142
0.15080607068650237,0.17063478435945362,0.16883420826913456,0.15716368949190312,0.15908451135376095,0.193476735839248
0.15026747390544706,0.17074806199737808,0.16888712755289204,0.15682383896411248,0.1588124539610747,0.19446104361909386
0.14972945041165484,0.17085968682057412,0.1689385289098599,0.15648320876607286,0.15853969549158112,0.19544942960025666
0.14919200326128076,0.17096965067058364,0.16898840619852226,0.1561418028296241,0.158266237233362,0.19644189980662602
0.1486551355217307,0.171077945413716,0.16903675330057297,0.15579962511942946,0.15799208050003566,0.1974384601445143
