0,1,2,3,4,5
0.374076233748378,0.11757326174716037,0.21123644307970102,0.09131029610925602,0.12656190028344572,0.07924186503205373
0.37474524584535224,0.1166860154152174,0.2111958861364684,0.09067320180105047,0.12683405373348605,0.07986559706842354
0.3754085106427952,0.11580354432697215,0.2111513265568053,0.09003901503421101,0.12710458682590467,0.08049301661331175
0.3760660087036586,0.11492584613620956,0.21110277601004354,0.08940774060169844,0.12737349161420503,0.08112413693418286
0.37671772090893846,0.114052918161597,0.2110502463582433,0.08877938303000478,0.1276407602370782,0.08175897130413898
0.37736362845594396,0.1131847573902906,0.21099374965315948,0.08815394658122161,0.12790638491799228,0.08239753300139258
0.37800371285658096,0.11232136048156771,0.21093329813322137,0.08753143525513159,0.1281703579647691,0.08303983530872866
0.37863795593557403,0.11146272377047269,0.21086890422052054,0.0869118527913293,0.1284326717691545,0.08368589151294963
0.37926633982867386,0.11060884327149141,0.21080058051779163,0.08629520267136111,0.12869331880637724,0.08433571490430565
0.3798888469808405,0.10975971468223789,0.2107283398054154,0.08568148812089793,0.12895229163469873,0.08498931877590848
0.38050546014440023,0.1089153333871594,0.21065219503842186,0.08507071211192456,0.12920958289495674,0.08564671642313296
0.3811161623771772,0.10807569446126097,0.21057215934350787,0.08446287736495355,0.12946518531010093,0.08630792114299976
0.3817209370405947,0.10724079267384089,0.21048824601605118,0.08385798635125856,0.12971909168471601,0.08697294623354257
0.3823197677977697,0.10641062249223966,0.21040046851715052,0.08325604129513287,0.1299712949045434,0.08764180499315999
0.38291263861159297,0.10558517808560858,0.21030884047067827,0.08265704417616589,0.13022178793599745,0.0883145107199563
0.38349953374275425,0.1047644533286776,0.21021337566031711,0.08206099673153218,0.13047056382566563,0.08899107671105565
0.38408043774778794,0.10394844180554197,0.21011408802664583,0.08146790045830699,0.13071761569980897,0.08967151626191028
0.3846553354770872,0.10313713681345628,0.21001099166421652,0.0808777566157957,0.13096293676385984,0.09035584266558527
0.38522421207290297,0.10233053136663368,0.20990410081864608,0.08029056622787645,0.13120652030190702,0.09104406921203315
0.38578705296732374,0.10152861820005725,0.20979342988373378,0.07970633008536303,0.13144835967618118,0.09173620918734575
0.3863438438802444,0.10073138977328633,0.20967899339857585,0.07912504874837682,0.1316884483265251,0.09243227587299242
0.38689457081733925,0.09993883827428066,0.20956080604471652,0.07854672254873858,0.13192677976988104,0.09313228254504322
0.3874392200679937,0.0991509556232182,0.20943888264329927,0.07797135159236747,0.13216334759974674,0.09383624247337141
0.38797777820325785,0.09836773347631803,0.2093132381522415,0.07739893576169336,0.13239814548564804,0.0945441689208416
0.3885102320737506,0.09758916322966643,0.20918388766342255,0.07682947471808285,0.1326311671725981,0.09525607514247914
0.3890365688076081,0.09681523602303978,0.20905084639989738,0.0762629679042726,0.1328624064805557,0.09597197438462517
0.3895567758083823,0.09604594274373067,0.20891412971311743,0.07569941454681486,0.13309185730388245,0.09669187988407014
0.3900708407529475,0.09528127403036785,0.20877375308018398,0.07513881365852829,0.13331951361079347,0.09741580486717383
0.3905787515894217,0.09452122027673801,0.2086297321011051,0.07458116404096032,0.1335453694428104,0.09814376254896627
0.39108049653502813,0.09376577163559857,0.20848208249608322,0.07402646428685292,0.13376941891420535,0.09887576613222904
0.39157606407404105,0.09301491802249325,0.20833082010282797,0.07347471278262106,0.1339916562114553,0.09961182880656576
0.39206544295562973,0.09226864911955132,0.2081759608738677,0.07292590771082774,0.13421207559267784,0.10035196374744339
0.39254862219180164,0.09152695437929488,0.20801752087391023,0.07238004705267499,0.1344306713870866,0.10109618411523089
0.3930255910552545,0.09078982302842303,0.20785551627720558,0.07183712859048703,0.13464743799442497,0.1018445030542044
0.3934963390772975,0.0900572440716013,0.20768996336493295,0.07129714991020904,0.13486236988441486,0.10259693369154563
0.3939608560457331,0.08932920629523076,0.2075208785226229,0.07076010840389832,0.13507546159619757,0.10335348913631744
0.39441913200277157,0.0886056982712192,0.20734827823758634,0.07022600127222671,0.1352867077377789,0.10411418247842368
0.39487115724291044,0.08788670836072769,0.20717217909637484,0.06969482552697516,0.13549610298546735,0.10487902678754563
0.39531692231087456,0.08717222471792059,0.20699259778226864,0.06916657799354102,0.1357036420833271,0.10564803511207009
0.39575641799950523,0.08646223529369051,0.20680955107277313,0.06864125531343072,0.1359093198426123,0.10642122047798909
0.39618963534768764,0.08575672783937714,0.206623055837157,0.0681188539467665,0.13611313114122392,0.10719859588778481
0.39661656563828496,0.08505568991047173,0.2064331290340071,0.06759937017478239,0.13631507092314848,0.1079801743193036
0.3970372003960645,0.08435910887030283,0.2062397877088027,0.06708280010232132,0.1365151341979141,0.10876596872459546
0.39745153138564054,0.08366697189371386,0.2060430489915243,0.06656913966033275,0.1367133160400379,0.1095559920287521
0.3978595506094428,0.08297926597071854,0.20584293009428103,0.06605838460836227,0.13690961158848108,0.11035025712871517
0.39826125030566983,0.08229597791014245,0.20563944830896816,0.06555053053704155,0.13710401604610595,0.11114877689207177
0.398656622946268,0.0816170943432473,0.20543262100494863,0.06504557287057368,0.13729652467913575,0.11195156415582834
0.3990456612349176,0.08094260172733647,0.20522246562675542,0.06454350686921256,0.13748713281661495,0.112758631725167
0.39942835810503347,0.08027248634934252,0.205008999691828,0.06404432763173724,0.13767583584987375,0.11356999237218464
0.39980470671779056,0.07960673432939806,0.20479224078827304,0.06354803009792269,0.13786262923200265,0.11438565883461128
0.40017470046013814,0.07894533162438079,0.20457220657264744,0.0630546090510026,0.13804750847731978,0.11520564381451089
0.4005383329428478,0.0782882640314443,0.20434891476777273,0.0625640591201248,0.138230469160848,0.11602995997696335
0.4008955979985773,0.07763551719152456,0.20412238316057105,0.06207637478280003,0.13841150691779874,0.11685861994872704
0.40124648967994575,0.07698707659283016,0.20389262959993687,0.06159155036734658,0.13859061744305615,0.11769163631688519
0.40159100225761735,0.07634292757430014,0.20365967199462615,0.061109580055319274,0.13876779649066792,0.11852902162747031
0.4019291302184251,0.07570305532905222,0.2034235283111778,0.06063045788393666,0.13894303987333773,0.11937078838407283
0.4022608682634874,0.07506744490779912,0.20318421657186236,0.06015417774849569,0.13911634346192783,0.12021694904642695
0.40258621130636446,0.0744360812222458,0.20294175485265872,0.059680733404778204,0.13928770318496453,0.12106751602898598
0.4029051544712209,0.07380894904846164,0.20269616128125476,0.05921011847144626,0.1394571150281487,0.12192250169946682
0.40321769309101047,0.07318603303022721,0.20244745403507616,0.058742326432427085,0.13962457503387113,0.12278191837738768
0.40352382270568476,0.07256731768235952,0.2021956513393476,0.05827735063928916,0.13979007930073642,0.12364577833258023
0.40382353906042795,0.07195278739400984,0.2019407714651781,0.05781518431360412,0.13995362398309172,0.12451409378368525
0.40411683810389365,0.07134242643193703,0.20168283272767296,0.05735582054930036,0.14011520529056076,0.12538687689662903
0.40440371598649777,0.07073621894375356,0.20142185348407704,0.05689925231500133,0.14027481948758677,0.12626413978308323
0.40468416905868243,0.07013414896114767,0.20115785213193815,0.05644547245635299,0.14043246289297742,0.127145894498902
0.40495819386926407,0.06953620040307876,0.2008908471073077,0.05599447369833975,0.14058813187946276,0.12803215304254517
0.40522578716376284,0.06894235707894353,0.20062085688296824,0.05554624864758566,0.14074182287325523,0.12892292735348104
0.40548694588276607,0.0683526026917184,0.20034789996667968,0.05510078979464225,0.14089353235362226,0.1298182293105719
0.4057416671603175,0.06776692084107092,0.20007199489945923,0.05465808951626375,0.1410432568524541,0.13071807073043554
0.4059899483223387,0.06718529502644666,0.19979316025389293,0.054218140077667634,0.14119099295385665,0.13162246336579983
0.4062317868850652,0.06660770865012637,0.19951141463246477,0.05378093363477969,0.14133673729373686,0.13253141890382622
0.4064671805535183,0.06603414502025663,0.19922677666592659,0.053346462236468356,0.14148048655940573,0.13344494896442582
0.4066961272199801,0.06546458735384718,0.19893926501167977,0.052914717826758516,0.1416222374891814,0.13436306509855017
0.40691862496253906,0.06489901877974817,0.19864889835219948,0.05248569224703512,0.1417619868720083,0.13528577878646786
0.4071346720436107,0.06433742234158905,0.1983556953934765,0.05205937723822805,0.14189973154707528,0.13621310143602022
0.40734426690852094,0.0637797810006938,0.19805967486348583,0.05163576444298293,0.14203546840345033,0.13714504438086306
0.40754740818410923,0.06322607763896851,0.19776085551069528,0.05121484540781654,0.14216919437972186,0.13808161887868778
0.4077440946773468,0.06267629506175254,0.19745925610257922,0.05079661158525432,0.14230090646364277,0.13902283610942495
0.407934325374002,0.06213041600064656,0.19715489542418008,0.05038105433595169,0.1424306016917896,0.1399687071734297
0.40811809943731353,0.06158842311630852,0.19684779227668986,0.04996816493080141,0.1425582771492316,0.14091924308965476
0.40829541620671506,0.06105029900121896,0.19653796547604738,0.04955793455302016,0.14268392996919857,0.14187445479379723
0.40846627519657097,0.060516026182417096,0.1962254338515822,0.049150354300221986,0.14280755733277095,0.1428343531364376
0.4086306760949391,0.05998558712420525,0.19591021624466465,0.04874541518647081,0.14292915646856896,0.14379894888115236
0.40878861876238454,0.05945896423082669,0.19559233150739824,0.048343108144318574,0.1430487246524548,0.14476825270261737
0.4089401032307999,0.05893613984910915,0.19527179850133125,0.04794342402682596,0.14316625920724607,0.14574227518469182
0.40908512970226235,0.05841709627107889,0.19494863609618734,0.047546353609561075,0.14328175750243424,0.14672102681848012
0.4092236985479285,0.05790181573654533,0.19462286316863728,0.0471518875925867,0.1433952169539159,0.14770451800038742
0.4093558103069523,0.05739028043565483,0.19429449860108863,0.04676001660242502,0.14350663502373073,0.14869275903014992
0.4094814656854294,0.05688247251141262,0.19396356128049183,0.046370731194004915,0.14361600921981366,0.14968576010885232
0.4096006655553724,0.056378374062175975,0.19363007009718494,0.04598402185259295,0.14372333709574886,0.15068353133692636
0.40971341095373326,0.05587796714411437,0.19329404394376282,0.04559987899570412,0.14382861625054544,0.15168608271214293
0.40981970308142834,0.05538123377363981,0.19295550171395823,0.045218292974994245,0.14393184432840692,0.15269342412756942
0.4099195433024261,0.054888155929809376,0.19261446230156368,0.04483925407813575,0.1440330190185282,0.15370556536953786
0.41001293314282344,0.05439871555669063,0.19227094459936206,0.0444627525306713,0.14413213805488678,0.15472251611556403
0.4100998742900024,0.05391289456570309,0.19192496749809948,0.04408877849785274,0.14422919921605615,0.15574428593228615
0.4101803685917691,0.053430674837924366,0.1915765498854613,0.043717322086457795,0.1443242003250198,0.1567708842733639
0.41025441805557555,0.05295203822636722,0.19122571064509147,0.04334837334659051,0.14441713924900337,0.15780232047737283
0.41032202484771113,0.052476966558225854,0.1908724686556201,0.04298192227345906,0.14450801389930668,0.15883860376567682
0.410383191292581,0.05200544163709304,0.1905168427897256,0.042617958809140724,0.14459682223116166,0.15987974324029844
0.41043791987198225,0.05153744524514315,0.1901588519132099,0.042256472844320006,0.14468356224357973,0.16092574788176214
