0,1,2,3,4,5
0.3815904968222207,0.06363083390352407,0.25298110542223273,0.0699808022230618,0.1453388906046243,0.08647787102433646
0.38375418111545545,0.06390035273488065,0.25139146268921586,0.06984683514328309,0.14471392206101624,0.08639324625614894
0.38591966512570647,0.06416937869353526,0.24980525639665788,0.06971130148715354,0.14408791853885158,0.08630647975809368
0.3880868441771676,0.06443789660515606,0.2482225503762952,0.06957421212806184,0.14346091792171198,0.08621757879160401
0.39025561340908355,0.0647058913614449,0.2466434080488693,0.06943557812351937,0.1428329581740013,0.08612655088308255
0.3924258677966452,0.06497334792321284,0.24506789241194868,0.06929541071274671,0.14220407733324517,0.08603340382219982
0.39459750217196443,0.06524025132343479,0.24349606602788598,0.06915372131421169,0.14157431350238806,0.08593814566011401
0.39677041124503737,0.06550658667027608,0.24192799101190443,0.06901052152310805,0.14094370484206611,0.08584078470760817
0.39894448962475343,0.06577233915009845,0.2403637290203308,0.06886582310878847,0.1403122895628779,0.08574132953315321
0.40111963183989463,0.06603749403043525,0.23880334123898794,0.0687196380121442,0.1396801059176443,0.08563978896089208
0.4032957323601538,0.06630203666294483,0.23724688837173769,0.06857197834293895,0.13904719219367317,0.08553617206855234
0.40547268561713434,0.06656595248632617,0.2356944306291688,0.06842285637709085,0.13841358670500886,0.08543048818527428
0.4076503860253241,0.06682922702921383,0.2341460277174659,0.06827228455391184,0.1377793277847075,0.08532274688937681
0.4098287280030721,0.06709184591303591,0.2326017388274479,0.0681202754732992,0.13714445377710133,0.08521295800604362
0.4120076059935061,0.06735379485484182,0.2310616226237532,0.06796684189288521,0.13650900303007982,0.0851011316049376
0.4141869144853991,0.06761505967009325,0.22952573723423286,0.06781199672514211,0.13587301388738401,0.08498727799774872
0.41636654803402606,0.06787562627542697,0.2279941402395075,0.067655753034448,0.13523652468092207,0.08487140773567088
0.41854640128190423,0.0681354806913749,0.22646688866270517,0.0674981240341099,0.13459957372309847,0.08475353160680688
0.4207263689795119,0.06839460904505147,0.22494403895940485,0.06733912308335178,0.13396219929916564,0.08463366063351559
0.42290634600589566,0.06865299757280151,0.22342564700774983,0.06717876368426193,0.1333244396596096,0.0845118060696817
0.4250862273892152,0.06891063262280948,0.22191176809877783,0.06701705947870605,0.1326863330125589,0.08438797939793381
0.42726590832716554,0.0691675006576696,0.22040245692693616,0.06685402424520814,0.13204791751622907,0.08426219232679073
0.42944528420733485,0.06942358825691429,0.2188977675808076,0.06668967189579328,0.13140923127140003,0.0841344567877496
0.4316242506274105,0.06967888211949971,0.21739775353403745,0.06652401647280393,0.130770312313937,0.08400478493231382
0.43380270341528576,0.06993336906625093,0.21590246763647422,0.06635707214568168,0.13013119860734798,0.08387318912896406
0.43598053864903924,0.07018703604226209,0.21441196210551702,0.06618885320772522,0.1294919280353903,0.0837396819600684
0.4381576526767764,0.07043987011925142,0.21292628851768805,0.06601937407281837,0.12885253839472485,0.08360427621874332
0.4403339421363194,0.07069185849787185,0.21144549780040836,0.06584864927213022,0.128213067387616,0.08346698490565206
0.4425093039747593,0.07094298850997756,0.2099696402240125,0.06567669345079712,0.12757355261469447,0.08332782122575975
0.4446836354678298,0.07119324762083705,0.2084987653939639,0.06550352136457513,0.12693403156776392,0.08318679858502956
0.446856834239139,0.07144262343130588,0.20703292224331893,0.0653291478764776,0.1262945416226824,0.0830439305870767
0.44902879827920444,0.0716911036799469,0.2055721590254022,0.0651535879533884,0.12565512003229068,0.08289923102976829
0.45119942596431667,0.07193867624510267,0.2041165233067191,0.06497685666265983,0.12501580391941755,0.08275271390178437
0.4533686160752236,0.07218532914691755,0.20266606196009482,0.06479896916869154,0.1243766302699436,0.08260439337912662
0.4555362678156024,0.07243105054931068,0.20122082115805429,0.06461994072949874,0.1237376359259411,0.08245428382159295
0.45770228083032766,0.0726758287618954,0.19978084636643145,0.06443978669325937,0.12309885757888327,0.08230239976920284
0.4598665552235609,0.0729196522418504,0.19834618233821286,0.06425852249485829,0.12246033176292777,0.08214875593858946
0.4620289915765864,0.07316250959573586,0.1969168731076307,0.0640761636524129,0.1218220948482827,0.08199336721935367
0.4641894909654437,0.07340438958125983,0.1954929619844791,0.06389272576379482,0.12118418303464477,0.0818362486703763
0.4663479549783456,0.07364528110898952,0.1940744915486872,0.06370822450314272,0.12054663234472826,0.08167741551610747
0.46850428573282565,0.07388517324400987,0.19266150364511808,0.06352267561736709,0.1199094786178706,0.08151688314281048
0.4706583858926818,0.07412405520752735,0.1912540393786222,0.06333609492265459,0.11927275750372913,0.08135466709478684
0.4728101586846549,0.07436191637842277,0.1898521391093247,0.06314849830096489,0.1186365044560663,0.08119078307056501
0.4749595079148726,0.07459874629474554,0.18845584244816807,0.06295990169653003,0.11800075472662375,0.081025246919064
0.47710633798499824,0.07483453465515343,0.187065188252676,0.06277032111234879,0.11736554335908833,0.08085807463573394
0.4792505539081825,0.0750692713203026,0.1856802146229919,0.06257977260669094,0.11673090518316248,0.08068928235867168
0.4813920613246751,0.0753029463141747,0.18430095889813367,0.06238827228959197,0.11609687480871232,0.08051888636471151
0.4835307665172339,0.07553554982535403,0.18292745765250915,0.062195836319365067,0.11546348662003615,0.08034690306550295
0.48566657642620487,0.0757670722082446,0.18155974669266844,0.06200248089910896,0.11483077477021318,0.08017334900356242
0.48779939866434324,0.07599750398423627,0.18019786105430274,0.06180822227322775,0.11419877317557159,0.07999824084831483
0.4899291415313731,0.07622683584281228,0.17884183499948964,0.06161307672396004,0.11356751551024673,0.07982159539211897
0.4920557140281961,0.07645505864259762,0.1774917020141673,0.06141706056791322,0.11293703520084993,0.07964342954627379
0.4941790258708869,0.0766821634123589,0.17614749480586814,0.06122019015261419,0.11230736542124667,0.07946376033702503
0.49629898750432044,0.07690814135193921,0.17480924530168787,0.06102248185306909,0.11167853908743237,0.07928260490155246
0.49841551011554486,0.07713298383314596,0.17347698464648276,0.06082395206833909,0.1110505888525319,0.07909998048395339
0.5005285056468463,0.07735668240057386,0.1721507432013289,0.06062461721813214,0.11042354710189652,0.07891590443122151
0.50263788680848,0.07757922877237965,0.17083055054219595,0.06042449373940688,0.10979744594831871,0.07873039418921837
0.5047435670911279,0.07780061484099483,0.16951643545887662,0.06022359808299992,0.10917231722735923,0.07854346729864273
0.5068454607780206,0.07802083267378736,0.16820842595413676,0.0600219467102689,0.1085481924927858,0.07835514139100282
0.5089434829567536,0.0782398745136648,0.166906549243112,0.05981955608975701,0.10792510301213032,0.07816543418458329
0.511037549530793,0.07845773277962283,0.16561083175292604,0.059616442693877864,0.10730307976235495,0.07797436348042078
0.5131275772306617,0.0786744000672409,0.16432129912254714,0.059412622995625414,0.10668215342564448,0.0777819471582794
0.5152134836247719,0.07888986914911851,0.16303797620286697,0.059208113465305134,0.10606235438530426,0.0775882031726305
0.5172951871300034,0.07910413297526087,0.16176088705700986,0.059002930567291834,0.10544371272178525,0.07739314954864683
0.5193726070218918,0.07931718467340924,0.16049005496086752,0.05879709075681195,0.10482625820882331,0.07719680437819741
0.5214456634445273,0.0795290175493157,0.15922550240384686,0.05859061047675704,0.10421002030969759,0.07699918581585685
0.5235142774201216,0.079739625086966,0.157967251089857,0.058383506154519337,0.1035950281736098,0.07680031207492719
0.5255783708582453,0.0799490009487504,0.1567153219384916,0.05817579419886262,0.10298131063218113,0.07660020142347175
0.5276378665647325,0.08015713897557762,0.1554697350864403,0.05796749099681943,0.10236889619607129,0.07639887218036262
0.5296926882502649,0.0803640331869404,0.15423050988910997,0.05775861291062029,0.10175781305171726,0.07619634271134831
0.5317427605386318,0.08056967778092652,0.1529976649224565,0.05754917627465832,0.10114808905819163,0.07599263142513628
0.5337880089746403,0.08077406713418303,0.15177121798501822,0.05733919739248082,0.100539751744185,0.07578775676949365
0.5358283600317176,0.08097719580181992,0.15055118610016346,0.057128692533822995,0.09993282830510321,0.0755817372273739
0.5378637411191772,0.08117905851727504,0.14933758551852905,0.056917677931667306,0.09932734560029077,0.07537459131305899
0.5398940805891591,0.08137965019212204,0.1481304317206681,0.056706169779348066,0.0987233301503744,0.07516633756833084
0.5419193077432216,0.08157896591582901,0.14692973941988247,0.05649418422768454,0.09812080813472204,0.07495699455866145
0.5439393528386481,0.08177700095547234,0.14573552256526068,0.05628173738215737,0.0975198053890286,0.07474658086943481
0.5459541470943803,0.0819737507553988,0.14454779434488962,0.05606884530011918,0.09692034740302018,0.0745351151021917
0.5479636226966633,0.08216921093684305,0.14336656718926702,0.055855523988046614,0.0963224593182729,0.07432261587090752
0.5499677128043378,0.08236337729749463,0.14219185277488533,0.05564178939882983,0.09572616592615865,0.07410910179829143
0.5519663515538342,0.0825562458110233,0.1410236620280034,0.05542765742910504,0.09513149166590733,0.07389459151212746
0.5539594740638148,0.08274781262655558,0.139862005128588,0.05521314391662307,0.09453846062278062,0.07367910364163895
0.5559470164395287,0.08293807406810635,0.13870689151443108,0.054998264637666626,0.09394709652637655,0.07346265681388844
0.5579289157768336,0.08312702663397077,0.13755832988543762,0.05478303530450163,0.09335742274904071,0.0732452696502154
0.5599051101658878,0.08331466699606611,0.13641632820807328,0.054567471562877064,0.09276946230439628,0.07302696076270124
0.5618755386945448,0.08350099199923539,0.13528089371997792,0.05435158898956543,0.09218323784599569,0.07280774875067886
0.5638401414514442,0.08368599866051024,0.13415203293474146,0.05413540308994701,0.091598771666081,0.07258765219727474
0.5657988595287641,0.08386968416832868,0.13302975164682174,0.0539189292956387,0.0910160856944574,0.07236668966598911
0.5677516350246835,0.08405204588171387,0.13191405493662842,0.053702182962166646,0.09043520149748883,0.07214487969731764
0.5696984110455492,0.08423308132941505,0.13080494717574198,0.053485179366684746,0.08985614027719863,0.07192224080541033
0.5716391317077165,0.08441278820900812,0.1297024320322836,0.05326793370573687,0.0892789228704808,0.07169879147477198
0.5735737421391156,0.0845911643859591,0.12860651247641966,0.053050461093067436,0.08870356974843091,0.07147455015700643
0.575502188480497,0.08476820789264818,0.1275171907860062,0.052832776557474086,0.08813010101577338,0.0712495352675994
0.5774244178864084,0.08494391692736272,0.1264344685523614,0.052614895040711214,0.08755853641041007,0.07102376518274778
0.5793403785258534,0.08511828985324668,0.12535834668616924,0.0523968313954343,0.08698889530306583,0.07079725823623016
0.5812500195827018,0.08529132519722378,0.12428882542350644,0.052178600383197896,0.0864211966970475,0.07057003271632357
0.5831532912557726,0.08546302164888048,0.12322590433198695,0.05196021667249361,0.08585545922810237,0.07034210686276568
0.5850501447586665,0.08563337805931985,0.12216958231702957,0.05174169483683918,0.08529170116438418,0.07011349886375977
0.5869405323193255,0.08580239343998107,0.12111985762823037,0.05152304935291645,0.0847299404065198,0.06988422685303142
0.588824407179277,0.08597006696142837,0.12007672786584789,0.05130429459874975,0.08417019448777402,0.06965430890692544
