0,1,2,3,4,5
0.09242304918963624,0.11887737254023581,0.17431025647211904,0.26070209477098033,0.027250853426538532,0.32643637360049127
0.0924581130942531,0.12013949415976742,0.1761877561558937,0.2627127530273916,0.027548716813909004,0.32095316674878444
0.0924801108487454,0.12139739366229861,0.17805971531599318,0.264700460082528,0.027845788355091324,0.31551653173534466
0.09248913537513052,0.12265079523472168,0.17992572918079314,0.2666647574597886,0.02814200384912677,0.3101275789004368
0.0924852878708319,0.1238994300165297,0.1817854029059418,0.2686052079725082,0.028437300615617785,0.30478737061857464
0.09246867755612086,0.12514303629616905,0.18363835186820188,0.2705213958853417,0.028731617542290866,0.29949692085187696
0.09243942141227186,0.12638135969070108,0.18548420193516502,0.27241292703448955,0.029024895128807626,0.2942571947985637
0.09239764391129894,0.12761415330872555,0.1873225897107169,0.27427942890736856,0.029317075526800504,0.28906910863508656
0.0923434767381443,0.12884117789657584,0.18915316275624502,0.2761205506825791,0.029608102576127823,0.28393352935032756
0.09227705850619843,0.1300622019678367,0.1909755797876649,0.2779359632310388,0.02989792183735478,0.2788512746699063
0.09219853446701728,0.13127700191632433,0.1927895108484115,0.27972535907930984,0.030186480620479357,0.27382311306845747
0.09210805621510444,0.13248536211266684,0.19459463745860026,0.281488452336196,0.03047372800993239,0.2688497638674982
0.0920057813886039,0.13368707498472215,0.19639065274066517,0.28322497858380624,0.03075961488589254,0.263931897416309
0.09189187336675088,0.13488194108207507,0.19817726152180765,0.28493469473434474,0.03104409394196927,0.25907013535305407
0.09176650096489748,0.1360697691249281,0.1999541804137131,0.2866173788539361,0.03132711969931591,0.2542650509432085
0.09162983812791997,0.13725037603773085,0.20172113786997325,0.28827282995491965,0.031608648517241905,0.24951716949221361
0.09148206362278646,0.1384235869679094,0.2034778742217733,0.28990086775801066,0.031888638600408296,0.24482696882911129
0.09132336073104172,0.1395892352901342,0.20522414169242223,0.29150133242584725,0.032167050002690004,0.24019487985786267
0.09115391694194332,0.14074716259655093,0.20695970439135655,0.29307408426945,0.03244384462780325,0.23562128717289363
0.09097392364694634,0.14189721867346064,0.20868433828828664,0.2946190034291402,0.03271898622680221,0.23110652973536394
0.09078357583621205,0.14303926146493992,0.2103978311682028,0.29613598953150033,0.03299244039254609,0.22665090160659543
0.09058307179778438,0.1441731570239289,0.21209998256798143,0.2976249613239972,0.03326417455126191,0.22225465273504644
0.09037261282002775,0.1452987794513113,0.21379060369535366,0.2990858562888218,0.033534157951308034,0.21791798979317725
0.09015240289792474,0.1464160108235638,0.21546951733104777,0.30051863023761166,0.033802361649272944,0.21364107706057964
0.08992264844375193,0.1475247411095232,0.21713655771491708,0.3019232568886055,0.03406875849352582,0.2094240373496764
0.0896835580026487,0.1486248680768583,0.21879157041687206,0.3032997274278583,0.034333323105353405,0.20526695297041134
0.08943534197354737,0.1497162971888334,0.22043441219347862,0.30464805005606005,0.03459603185781132,0.20116986673026926
0.08917821233590102,0.15079894149195858,0.22206495083107108,0.3059682495225425,0.034856862852420754,0.1971327829661093
0.08891238238259955,0.1518727214951024,0.22368306497622195,0.3072603666479576,0.0351157958938458,0.19315566860427388
0.08863806645944738,0.15293756504068684,0.22528864395445553,0.3085244578371728,0.035372812462684464,0.1892384542455527
0.08835547971152391,0.15399340716853632,0.22688158757802857,0.3097605945837869,0.03562789568650308,0.18538103527161928
0.08806483783672014,0.1550401899729767,0.22846180594365303,0.3109688629677283,0.035881030309252465,0.18158327296967341
0.08776635684671112,0.15607786245375418,0.23002921922099215,0.3121493631472752,0.03613220265918983,0.17784499567207884
0.08746025283559912,0.1571063803613739,0.2315837574327648,0.313302208846878,0.036381400615444356,0.17416599990793982
0.08714674175640263,0.15812570603738485,0.23312536022727007,0.3144275268419981,0.036628613573347124,0.17054605156359892
0.08682603920556879,0.15913580825018755,0.23465397664413917,0.31552545644224833,0.03687383240865404,0.16698488704920347
0.08649836021563859,0.16013666202689406,0.23616956487410434,0.3165961489739906,0.037117049440784367,0.16348221446858477
0.08616391905615889,0.16112824848177318,0.23767209201352743,0.3176397672635266,0.03735825839519462,0.16003771478982093
0.08582292904292274,0.16211055464176552,0.23916153381444563,0.31865648512191236,0.03759745436500314,0.15665104301394947
0.08547560235558592,0.1630835732695958,0.24063787443087278,0.31964648683248353,0.037834633771979244,0.153321829339484
0.08512214986367281,0.16404730268492695,0.24210110616198902,0.3206099666419643,0.038069794327005864,0.1500496803204398
0.08476278096098248,0.16500174658403663,0.2435512291929682,0.3215471282561176,0.03830293499012234,0.14683418001577292
0.08439770340835455,0.1659469138584314,0.24498825133400903,0.32245818434074813,0.03853405593024456,0.14367489112821072
0.08402712318475952,0.16688281841284314,0.24641218775824927,0.3233433560288607,0.03876315848466484,0.14057135613062177
0.08365124434663909,0.16780947898298834,0.24782306073909555,0.32420287243468243,0.0389902451184207,0.13752309837817592
0.08327026889541357,0.1687269189534769,0.24922089938756742,0.3250369701752438,0.03921531938362128,0.13452962320467637
0.08288439665305329,0.16963516617623933,0.2506057393901625,0.32584589290012894,0.03943838587881677,0.13159041900159818
0.082493825145593,0.17053425278979453,0.25197762274775526,0.3266298908299337,0.03965945020848917,0.1287049582784317
0.08209874949445276,0.1714242150396963,0.25333659751599147,0.3273892203039993,0.039878518942739215,0.12587269870312287
0.08169936231542238,0.1723050931004439,0.25468271754762367,0.32812414333781476,0.040095599577240786,0.12309308412145333
0.08129585362514805,0.1731769308991594,0.25601604223722463,0.32883492719056323,0.04031070049352933,0.12036554555437749
0.08088841075494733,0.1740397759412562,0.25733663626861625,0.32952184394311207,0.040523830919682625,0.11768950217238627
0.08047721827177705,0.17489367913838155,0.2586445693654282,0.3301851700868249,0.04073500089145814,0.11506436224612983
0.08006245790616004,0.17573869463883016,0.25993991604507666,0.3308251861234193,0.04094422121393089,0.11248952407258529
0.0796443084868784,0.17657487966063543,0.26122275537648193,0.33144217617611615,0.04115150342368924,0.10996437687620143
0.07922294588223153,0.17740229432753474,0.26249317074181977,0.3320364276122783,0.04135685975162843,0.10748830168450907
0.07879854294764688,0.17822100150798012,0.26375124960252105,0.33260823067766954,0.04156030308638489,0.10506067217780136
0.07837126947943439,0.17903106665732285,0.26499708326978144,0.3331578781424528,0.04176184693844683,0.10268085551256277
0.07794129217447097,0.17983255766333972,0.2662307666797855,0.33368566495901486,0.04196150540497655,0.10034821311841459
0.0775087745955934,0.1806255446951973,0.26745239817379335,0.33419188793163,0.042159293135370264,0.09806210146841576
0.07707387714248369,0.18141010005597394,0.2686620792832888,0.3346768453980227,0.042355225297589345,0.09582187282264179
0.0766367570278233,0.18218629803881425,0.26985991452030533,0.3351408369227592,0.04254931754527507,0.09362687594502035
0.07619756825850332,0.1829542147868186,0.27104601117305693,0.3355841630024645,0.04274158598567596,0.09147645679348317
0.07575646162165961,0.1837139281566911,0.27222047910695507,0.3360071247827628,0.04293204714840052,0.08936995918352882
0.07531358467532781,0.18446551758625107,0.2733834305711365,0.33641002378688795,0.04312071795500847,0.08730672542538961
0.07486908174348637,0.18520906396578612,0.27453498001049287,0.3367931616557936,0.04330761568945159,0.08528609693499298
0.07442309391529074,0.18594464951332368,0.2756752438833232,0.3371568398996773,0.04349275796937671,0.08330741481900601
0.07397575904827265,0.1866723576538222,0.2768043404845983,0.3375013596607487,0.04367616271828975,0.08137002043427029
0.07352721177530305,0.18739227290226243,0.2779223897748452,0.3378270214870329,0.04385784813858936,0.07947325592196983
0.07307758351511305,0.18810448075068817,0.27902951321469305,0.33813412511709906,0.04403783268547182,0.07761646471693542
0.07262700248617282,0.18880906755914423,0.2801258336050368,0.338422969275444,0.044216135041702576,0.0757989920324982
0.07217559372373196,0.18950612045050555,0.2812114749328022,0.33869385147835296,0.04439277409325637,0.07402018532135006
0.07172347909982643,0.19019572720917294,0.2822865622222908,0.33894706785001083,0.04456776890581737,0.07227939471288289
0.07127077734606933,0.19087797618360228,0.28335122139204505,0.3391829129486278,0.04474113870213799,0.07057597342751919
0.07081760407904535,0.19155295619262472,0.28440557911719844,0.339401679602338,0.044912902840244816,0.06890927816854923
0.07036407182812378,0.1922207564355102,0.28544976269723094,0.339603658754635,0.04508308079248515,0.06727866949201716
0.06991029006552747,0.19288146640572448,0.286483899929058,0.3397891393190756,0.04525169212540212,0.06568351215521318
0.06945636523848676,0.1935351758083339,0.2875081189854107,0.33995840804299915,0.045418756480430415,0.06412317544433961
0.06900240080332047,0.19418197448097602,0.28852254829836427,0.3401117493800173,0.04558429355539479,0.06259703348192738
0.06854849726128757,0.19482195231834892,0.2895273164479841,0.3402494453709843,0.04574832308680388,0.061104465514591096
0.06809475219606279,0.19545519920015458,0.2905225520559551,0.3403717755331948,0.04591086483292119,0.05964485618171454
0.06764126031268729,0.19608180492240065,0.2915083836841022,0.34047901675755243,0.046071938557599466,0.058217595765659685
0.06718811347786491,0.19670185913202234,0.29248493973772327,0.34057144321342575,0.04623156401486322,0.05682208042410199
0.06673540076146275,0.19731545126471475,0.2934523483735907,0.3406493262609262,0.046389760934222736,0.055457712405083556
0.06628320847909754,0.19792267048592585,0.2944107374125302,0.340712934370356,0.04654654900670258,0.05412390024538727
0.06583162023567944,0.19852360563490984,0.29536023425647123,0.34076253304855214,0.046701947871569,0.05282005895282047
0.06538071696980263,0.19911834517176916,0.29630096580983284,0.3407983847718585,0.04685597710373465,0.05154561017300231
0.06493057699887235,0.19970697712741542,0.29723305840515374,0.34082074892549485,0.04700865620183066,0.0502999823412363
0.06448127606485647,0.2002895890563301,0.2981566377328242,0.3408298817490209,0.047160004576917824,0.04908261082004798
0.06403288738057578,0.20086626799209478,0.29907182877482774,0.3408260362877143,0.04731004154182855,0.047892938022958034
0.06358548167641923,0.2014371004055581,0.2999787557423421,0.34080946234951226,0.04745878630111332,0.046730413525053596
0.06313912724741426,0.20200217216558905,0.30087754201710964,0.34078040646739544,0.047606257941580174,0.04559449416090989
0.06269389000055098,0.2025615685023174,0.30176831009644245,0.34073911186687805,0.047752475423403114,0.04448464411040775
0.06224983350229107,0.20311537397278645,0.30265118154174964,0.34068581843840934,0.04789745757178524,0.043400334972978155
0.061807019026179244,0.20366367242893318,0.3035262769304617,0.3406207627144733,0.04804122306915662,0.0423410458307973
0.061365505600487924,0.20420654698781127,0.304393715811247,0.3405441778511257,0.04818379044788806,0.04130626330144039
0.06092535005583296,0.20474408000398842,0.30525361666238754,0.34045629361378804,0.048325178083506684,0.04029548158049627
0.06048660707268771,0.2052763530440203,0.3061060968532251,0.3403573363670583,0.04846540418839002,0.039308202474624285
0.060049329228746035,0.2058034468629328,0.30695127260852534,0.3402475290683391,0.04860448680592448,0.038343935425531335
0.059613567046076635,0.20632544138265094,0.3077892589757044,0.34012709126512414,0.04874244380511325,0.03740219752532921
